-79.50889648, 0
-77.90265615, 0
-76.29641582, 0
-74.69017549, 0
-73.08393515, 0
-71.47769482, 0
-69.87145449, 0
-68.26521415, 3.215973581e-09
-66.65897382, 0
-65.05273349, 3.215973581e-09
-63.44649315, 9.647920744e-09
-61.84025282, 2.894376223e-08
-60.23401249, 4.180765656e-08
-58.62777216, 3.215973581e-08
-57.02153182, 5.14555773e-08
-55.41529149, 1.125590753e-07
-53.80905116, 1.447188112e-07
-52.20281082, 2.026063356e-07
-50.59657049, 2.058223092e-07
-48.99033016, 2.830056752e-07
-47.38408982, 2.733577544e-07
-45.77784949, 3.76268909e-07
-44.17160916, 4.823960372e-07
-42.56536882, 4.888279844e-07
-40.95912849, 7.364579501e-07
-39.35288816, 7.686176859e-07
-37.74664783, 9.551441536e-07
-36.14040749, 1.29282138e-06
-34.53416716, 1.527587451e-06
-32.92792683, 2.02927933e-06
-31.32168649, 2.444139922e-06
-29.71544616, 3.244917343e-06
-28.10920583, 4.106798263e-06
-26.50296549, 5.473587035e-06
-24.89672516, 7.116949535e-06
-23.29048483, 9.548225563e-06
-21.6842445, 1.256480878e-05
-20.07800416, 1.744987265e-05
-18.47176383, 2.269190959e-05
-16.8655235, 3.148759733e-05
-15.25928316, 4.466987304e-05
-13.65304283, 6.48211635e-05
-12.0468025, 9.460107887e-05
-10.44056216, 0.0001466258835
-8.834321832, 0.0002340006697
-7.228081499, 0.0003845886327
-5.621841166, 0.00068826337
-4.015600833, 0.001444049321
-2.4093605, 0.009086624011
-0.8031201665, 0.4867435479
0.8031201665, 0.4875984662
2.4093605, 0.009308368605
4.015600833, 0.001568208413
5.621841166, 0.0008068556118
7.228081499, 0.0004921436531
8.834321832, 0.000328302663
10.44056216, 0.0002244042046
12.0468025, 0.0001600332774
13.65304283, 0.0001173251482
15.25928316, 8.654184907e-05
16.8655235, 6.43226876e-05
18.47176383, 4.744525824e-05
20.07800416, 3.569730675e-05
21.6842445, 2.654464594e-05
23.29048483, 1.955633535e-05
24.89672516, 1.463589577e-05
26.50296549, 1.055804127e-05
28.10920583, 7.888783195e-06
29.71544616, 6.139293567e-06
31.32168649, 4.502363014e-06
32.92792683, 3.640482094e-06
34.53416716, 2.833272725e-06
36.14040749, 1.961743885e-06
37.74664783, 1.56296316e-06
39.35288816, 1.067703229e-06
40.95912849, 8.072093689e-07
42.56536882, 6.174669276e-07
44.17160916, 4.984759051e-07
45.77784949, 2.926535959e-07
47.38408982, 2.540619129e-07
48.99033016, 1.447188112e-07
50.59657049, 1.447188112e-07
52.20281082, 1.061271282e-07
53.80905116, 7.396739237e-08
55.41529149, 3.537570939e-08
57.02153182, 2.894376223e-08
58.62777216, 1.286389433e-08
60.23401249, 6.431947163e-09
61.84025282, 0
63.44649315, 0
65.05273349, 0
66.65897382, 0
68.26521415, 0
69.87145449, 0
71.47769482, 0
73.08393515, 0
74.69017549, 0
76.29641582, 0
77.90265615, 0
79.50889648, 0
