-79.50889648, 3.215973581e-09
-77.90265615, 2.251181507e-08
-76.29641582, 3.215973581e-08
-74.69017549, 2.251181507e-08
-73.08393515, 3.537570939e-08
-71.47769482, 7.718336595e-08
-69.87145449, 8.361531311e-08
-68.26521415, 9.647920744e-08
-66.65897382, 1.543667319e-07
-65.05273349, 1.704465998e-07
-63.44649315, 2.894376223e-07
-61.84025282, 4.019966977e-07
-60.23401249, 7.13946135e-07
-58.62777216, 8.104253425e-07
-57.02153182, 1.324981115e-06
-55.41529149, 1.820241047e-06
-53.80905116, 2.24474956e-06
-52.20281082, 2.89116025e-06
-50.59657049, 3.585810543e-06
-48.99033016, 4.650297799e-06
-47.38408982, 5.888447627e-06
-45.77784949, 7.708688674e-06
-44.17160916, 1.008850912e-05
-42.56536882, 1.292178185e-05
-40.95912849, 1.653653615e-05
-39.35288816, 1.984898894e-05
-37.74664783, 2.415517757e-05
-36.14040749, 2.916888038e-05
-34.53416716, 3.248454914e-05
-32.92792683, 3.905478317e-05
-31.32168649, 4.909826867e-05
-29.71544616, 5.873010954e-05
-28.10920583, 6.903087292e-05
-26.50296549, 8.242218691e-05
-24.89672516, 0.0001010105142
-23.29048483, 0.0001240529649
-21.6842445, 0.0001419948815
-20.07800416, 0.0001646867911
-18.47176383, 0.0001904210117
-16.8655235, 0.0002220983515
-15.25928316, 0.0002743032506
-13.65304283, 0.0003491100121
-12.0468025, 0.0004444186052
-10.44056216, 0.0005441009223
-8.834321832, 0.0006837963827
-7.228081499, 0.0008660456056
-5.621841166, 0.001137171474
-4.015600833, 0.001722301788
-2.4093605, 0.007701700364
-0.8031201665, 0.4854667067
0.8031201665, 0.485083279
2.4093605, 0.007510259888
4.015600833, 0.001606394884
5.621841166, 0.001054038557
7.228081499, 0.0007791725112
8.834321832, 0.0006178013889
10.44056216, 0.0004920278781
12.0468025, 0.0003890298922
13.65304283, 0.0003115410087
15.25928316, 0.0002546118444
16.8655235, 0.0002087520611
18.47176383, 0.0001675618715
20.07800416, 0.000139984898
21.6842445, 0.0001164407555
23.29048483, 0.0001017244603
24.89672516, 9.360091108e-05
26.50296549, 8.198803048e-05
28.10920583, 7.132064611e-05
29.71544616, 6.202648246e-05
31.32168649, 5.107609242e-05
32.92792683, 4.14860592e-05
34.53416716, 3.521812669e-05
36.14040749, 2.736793518e-05
37.74664783, 2.159204662e-05
39.35288816, 1.731158579e-05
40.95912849, 1.356497657e-05
42.56536882, 1.068668021e-05
44.17160916, 7.490002471e-06
45.77784949, 5.418915484e-06
47.38408982, 4.171117735e-06
48.99033016, 3.225621502e-06
50.59657049, 2.76573728e-06
52.20281082, 1.974607779e-06
53.80905116, 1.537235372e-06
55.41529149, 1.083783097e-06
57.02153182, 8.168572896e-07
58.62777216, 4.566682485e-07
60.23401249, 3.37677226e-07
61.84025282, 1.961743885e-07
63.44649315, 9.326323386e-08
65.05273349, 7.396739237e-08
66.65897382, 9.647920744e-09
68.26521415, 0
69.87145449, 0
71.47769482, 0
73.08393515, 0
74.69017549, 0
76.29641582, 0
77.90265615, 0
79.50889648, 0
