-300, 0
-299.3993994, 0
-298.7987988, 0
-298.1981982, 0
-297.5975976, 0
-296.996997, 0
-296.3963964, 0
-295.7957958, 0
-295.1951952, 0
-294.5945946, 3.215973581e-09
-293.993994, 0
-293.3933934, 0
-292.7927928, 0
-292.1921922, 0
-291.5915916, 3.215973581e-09
-290.990991, 0
-290.3903904, 0
-289.7897898, 0
-289.1891892, 3.215973581e-09
-288.5885886, 0
-287.987988, 0
-287.3873874, 0
-286.7867868, 0
-286.1861862, 0
-285.5855856, 3.215973581e-09
-284.984985, 0
-284.3843844, 0
-283.7837838, 6.431947163e-09
-283.1831832, 3.215973581e-09
-282.5825826, 3.215973581e-09
-281.981982, 0
-281.3813814, 0
-280.7807808, 0
-280.1801802, 6.431947163e-09
-279.5795796, 0
-278.978979, 6.431947163e-09
-278.3783784, 0
-277.7777778, 3.215973581e-09
-277.1771772, 9.647920744e-09
-276.5765766, 3.215973581e-09
-275.975976, 9.647920744e-09
-275.3753754, 6.431947163e-09
-274.7747748, 1.286389433e-08
-274.1741742, 3.215973581e-09
-273.5735736, 3.215973581e-09
-272.972973, 9.647920744e-09
-272.3723724, 3.215973581e-09
-271.7717718, 3.215973581e-09
-271.1711712, 1.286389433e-08
-270.5705706, 1.607986791e-08
-269.96997, 9.647920744e-09
-269.3693694, 6.431947163e-09
-268.7687688, 1.607986791e-08
-268.1681682, 2.251181507e-08
-267.5675676, 2.894376223e-08
-266.966967, 2.251181507e-08
-266.3663664, 2.572778865e-08
-265.7657658, 2.894376223e-08
-265.1651652, 3.537570939e-08
-264.5645646, 3.537570939e-08
-263.963964, 1.929584149e-08
-263.3633634, 4.823960372e-08
-262.7627628, 3.537570939e-08
-262.1621622, 2.894376223e-08
-261.5615616, 3.859168298e-08
-260.960961, 4.823960372e-08
-260.3603604, 6.110349804e-08
-259.7597598, 5.467155088e-08
-259.1591592, 8.361531311e-08
-258.5585586, 6.110349804e-08
-257.957958, 7.396739237e-08
-257.3573574, 5.788752446e-08
-256.7567568, 8.039933953e-08
-256.1561562, 8.039933953e-08
-255.5555556, 7.718336595e-08
-254.954955, 7.075141879e-08
-254.3543544, 1.093431018e-07
-253.7537538, 1.157750489e-07
-253.1531532, 1.222069961e-07
-252.5525526, 1.189910225e-07
-251.951952, 1.38286864e-07
-251.3513514, 1.38286864e-07
-250.7507508, 1.318549168e-07
-250.1501502, 1.99390362e-07
-249.5495495, 1.607986791e-07
-248.9489489, 1.897424413e-07
-248.3483483, 2.154702299e-07
-247.7477477, 2.058223092e-07
-247.1471471, 2.154702299e-07
-246.5465465, 2.347660714e-07
-245.9459459, 2.540619129e-07
-245.3453453, 2.76573728e-07
-244.7447447, 2.701417808e-07
-244.1441441, 3.023015166e-07
-243.5435435, 3.408931996e-07
-242.9429429, 3.441091732e-07
-242.3423423, 3.473251468e-07
-241.7417417, 4.373724071e-07
-241.1411411, 4.245085127e-07
-240.5405405, 3.923487769e-07
-239.9399399, 5.306356409e-07
-239.3393393, 4.53452275e-07
-238.7387387, 6.078190069e-07
-238.1381381, 5.660113503e-07
-237.5375375, 7.268100294e-07
-236.9369369, 6.046030333e-07
-236.3363363, 7.235940558e-07
-235.7357357, 7.268100294e-07
-235.1351351, 7.203780822e-07
-234.5345345, 8.972566292e-07
-233.9339339, 9.165524707e-07
-233.3333333, 9.326323386e-07
-232.7327327, 9.744399951e-07
-232.1321321, 1.054839335e-06
-231.5315315, 1.183478278e-06
-230.9309309, 1.099862965e-06
-230.3303303, 1.254229697e-06
-229.7297297, 1.315333195e-06
-229.1291291, 1.366788772e-06
-228.5285285, 1.363572798e-06
-227.9279279, 1.453620059e-06
-227.3273273, 1.620850685e-06
-226.7267267, 1.694818077e-06
-226.1261261, 1.6433625e-06
-225.5255255, 1.820241047e-06
-224.9249249, 1.868480651e-06
-224.3243243, 1.942448043e-06
-223.7237237, 2.222237745e-06
-223.1231231, 2.247965533e-06
-222.5225225, 2.312285005e-06
-221.9219219, 2.354092661e-06
-221.3213213, 2.579210812e-06
-220.7207207, 2.601722627e-06
-220.1201201, 2.90080817e-06
-219.5195195, 3.032663087e-06
-218.9189189, 3.164518004e-06
-218.3183183, 3.396068102e-06
-217.7177177, 3.425011864e-06
-217.1171171, 3.662993909e-06
-216.5165165, 3.836656482e-06
-215.9159159, 3.93313569e-06
-215.3153153, 4.232221233e-06
-214.7147147, 4.438043542e-06
-214.1141141, 4.676025587e-06
-213.5135135, 4.923655553e-06
-212.9129129, 5.161637598e-06
-212.3123123, 5.335300171e-06
-211.7117117, 5.521826639e-06
-211.1111111, 5.930255284e-06
-210.5105105, 6.119997725e-06
-209.9099099, 6.348331849e-06
-209.3093093, 6.586313894e-06
-208.7087087, 6.711736864e-06
-208.1081081, 7.133029403e-06
-207.5075075, 7.396739237e-06
-206.9069069, 7.753712304e-06
-206.3063063, 7.837327618e-06
-205.7057057, 7.978830455e-06
-205.1051051, 8.409770915e-06
-204.5045045, 8.927542662e-06
-203.9039039, 9.046533684e-06
-203.3033033, 9.252355993e-06
-202.7027027, 9.763695793e-06
-202.1021021, 1.02621717e-05
-201.5015015, 1.059984892e-05
-200.9009009, 1.075421566e-05
-200.3003003, 1.126555546e-05
-199.6996997, 1.144564998e-05
-199.0990991, 1.196342172e-05
-198.4984985, 1.271274357e-05
-197.8978979, 1.298288535e-05
-197.2972973, 1.353281683e-05
-196.6966967, 1.382225445e-05
-196.0960961, 1.433359425e-05
-195.4954955, 1.510221194e-05
-194.8948949, 1.533376204e-05
-194.2942943, 1.570681497e-05
-193.6936937, 1.570038302e-05
-193.0930931, 1.680667794e-05
-192.4924925, 1.741771292e-05
-191.8918919, 1.807377153e-05
-191.2912913, 1.846933628e-05
-190.6906907, 1.918006644e-05
-190.0900901, 1.928297759e-05
-189.4894895, 2.044394406e-05
-188.8888889, 2.084915673e-05
-188.2882883, 2.180108491e-05
-187.6876877, 2.25439748e-05
-187.0870871, 2.27755249e-05
-186.4864865, 2.3859308e-05
-185.8858859, 2.440923948e-05
-185.2852853, 2.511996964e-05
-184.6846847, 2.629058403e-05
-184.0840841, 2.660896541e-05
-183.4834835, 2.702704198e-05
-182.8828829, 2.85707093e-05
-182.2822823, 2.946474995e-05
-181.6816817, 3.038773437e-05
-181.0810811, 3.113705621e-05
-180.4804805, 3.220475944e-05
-179.8798799, 3.239128591e-05
-179.2792793, 3.37677226e-05
-178.6786787, 3.5301742e-05
-178.0780781, 3.556223586e-05
-177.4774775, 3.742750054e-05
-176.8768769, 3.808677512e-05
-176.2762763, 3.941497221e-05
-175.6756757, 4.078497696e-05
-175.0750751, 4.168223359e-05
-174.4744745, 4.327092454e-05
-173.8738739, 4.50043343e-05
-173.2732733, 4.526161218e-05
-172.6726727, 4.645473838e-05
-172.0720721, 4.947453757e-05
-171.4714715, 4.983151064e-05
-170.8708709, 5.121759526e-05
-170.2702703, 5.316325927e-05
-169.6696697, 5.445929663e-05
-169.0690691, 5.641460856e-05
-168.4684685, 5.796149186e-05
-167.8678679, 6.005830663e-05
-167.2672673, 6.134148009e-05
-166.6666667, 6.312312945e-05
-166.0660661, 6.488869895e-05
-165.4654655, 6.60882571e-05
-164.8648649, 6.778950712e-05
-164.2642643, 6.884756243e-05
-163.6636637, 7.145893298e-05
-163.0630631, 7.317626287e-05
-162.4624625, 7.430185362e-05
-161.8618619, 7.657554694e-05
-161.2612613, 7.79198239e-05
-160.6606607, 7.975292884e-05
-160.0600601, 8.245756262e-05
-159.4594595, 8.540017845e-05
-158.8588589, 8.793758161e-05
-158.2582583, 8.878659863e-05
-157.6576577, 9.140118515e-05
-157.0570571, 9.303811571e-05
-156.4564565, 9.634735252e-05
-155.8558559, 9.796498723e-05
-155.2552553, 0.000101274224
-154.6546547, 0.0001036990681
-154.0540541, 0.0001053906702
-153.4534535, 0.0001079956088
-152.8528529, 0.0001111858546
-152.2522523, 0.000115527419
-151.6516517, 0.0001154952592
-151.0510511, 0.0001195570339
-150.4504505, 0.0001232135958
-149.8498498, 0.000125747783
-149.2492492, 0.000127941077
-148.6486486, 0.0001303337613
-148.048048, 0.0001347975327
-147.4474474, 0.000137926675
-146.8468468, 0.000141567157
-146.2462462, 0.000144252495
-145.6456456, 0.0001471082795
-145.045045, 0.0001518743524
-144.4444444, 0.0001553572518
-143.8438438, 0.000158499258
-143.2432432, 0.0001636898393
-142.6426426, 0.0001668768691
-142.042042, 0.0001707521173
-141.4414414, 0.0001731930412
-140.8408408, 0.0001790911368
-140.2402402, 0.0001839279611
-139.6396396, 0.0001874912598
-139.039039, 0.0001915980581
-138.4384384, 0.0001963062434
-137.8378378, 0.0001993389065
-137.2372372, 0.0002050472596
-136.6366366, 0.0002071440743
-136.036036, 0.0002136757167
-135.4354354, 0.0002161037767
-134.8348348, 0.0002226900906
-134.2342342, 0.0002270477348
-133.6336336, 0.0002303987793
-133.033033, 0.0002367438952
-132.4324324, 0.0002421853225
-131.8318318, 0.0002459351477
-131.2312312, 0.0002528977305
-130.6306306, 0.0002573036143
-130.03003, 0.0002608990728
-129.4294294, 0.0002705244817
-128.8288288, 0.0002740009491
-128.2282282, 0.0002803750088
-127.6276276, 0.0002875530618
-127.027027, 0.0002916180524
-126.4264264, 0.0002993460369
-125.8258258, 0.0003045912898
-125.2252252, 0.000309688608
-124.6246246, 0.0003196516941
-124.024024, 0.0003267782916
-123.4234234, 0.0003339145369
-122.8228228, 0.0003393270205
-122.2222222, 0.0003439451585
-121.6216216, 0.0003515959597
-121.021021, 0.0003599671389
-120.4204204, 0.0003694124533
-119.8198198, 0.0003772915886
-119.2192192, 0.0003837942872
-118.6186186, 0.0003916991503
-118.018018, 0.0003989383068
-117.4174174, 0.0004083868372
-116.8168168, 0.000414979583
-116.2162162, 0.0004243991696
-115.6156156, 0.0004320371069
-115.015015, 0.0004433155262
-114.4144144, 0.0004532689645
-113.8138138, 0.0004610580525
-113.2132132, 0.0004720534662
-112.6126126, 0.0004810003047
-112.012012, 0.0004901465335
-111.4114114, 0.0004997751584
-110.8108108, 0.0005116163731
-110.2102102, 0.0005172957825
-109.6096096, 0.0005293524674
-109.009009, 0.0005414927677
-108.4084084, 0.0005501244408
-107.8078078, 0.0005618305846
-107.2072072, 0.0005742281628
-106.6066066, 0.0005851238813
-106.006006, 0.0005925978039
-105.4054054, 0.0006034131231
-104.8048048, 0.0006182419772
-104.2042042, 0.000628494501
-103.6036036, 0.0006441659403
-103.003003, 0.0006569269234
-102.4024024, 0.0006679641448
-101.8018018, 0.0006794676823
-101.2012012, 0.0006950940979
-100.6006006, 0.0007043657497
-100, 0.0007175705373
-99.3993994, 0.0007300967544
-98.7987988, 0.0007441859346
-98.1981982, 0.0007565481371
-97.5975976, 0.0007680999142
-96.996997, 0.0007811792787
-96.3963964, 0.0007974199453
-95.7957958, 0.0008103192154
-95.1951952, 0.0008245691943
-94.59459459, 0.0008377321742
-93.99399399, 0.0008498242348
-93.39339339, 0.0008648299676
-92.79279279, 0.0008794465675
-92.19219219, 0.0008941017591
-91.59159159, 0.0009066697838
-90.99099099, 0.0009251359041
-90.39039039, 0.0009373598197
-89.78978979, 0.0009563019041
-89.18918919, 0.0009706644421
-88.58858859, 0.0009832099551
-87.98798799, 0.0009994409737
-87.38738739, 0.001017170636
-86.78678679, 0.001034331071
-86.18618619, 0.001052269772
-85.58558559, 0.001064982515
-84.98498498, 0.001082490276
-84.38438438, 0.001096023092
-83.78378378, 0.00111994672
-83.18318318, 0.001137335489
-82.58258258, 0.001151948873
-81.98198198, 0.001173650263
-81.38138138, 0.001186967609
-80.78078078, 0.001204668328
-80.18018018, 0.001223989897
-79.57957958, 0.001239603449
-78.97897898, 0.001263379142
-78.37837838, 0.001280394858
-77.77777778, 0.001298906002
-77.17717718, 0.001319041212
-76.57657658, 0.001337664915
-75.97597598, 0.001361176898
-75.37537538, 0.001380492035
-74.77477477, 0.001400868444
-74.17417417, 0.001418746041
-73.57357357, 0.00144391425
-72.97297297, 0.001460550482
-72.37237237, 0.00148409784
-71.77177177, 0.001503313283
-71.17117117, 0.001520296839
-70.57057057, 0.00154325889
-69.96996997, 0.001560322846
-69.36936937, 0.001580956533
-68.76876877, 0.001603687034
-68.16816817, 0.001623462056
-67.56756757, 0.0016423559
-66.96696697, 0.001658927812
-66.36636637, 0.001684034918
-65.76576577, 0.00170493553
-65.16516517, 0.001725080389
-64.56456456, 0.001742160424
-63.96396396, 0.001768180867
-63.36336336, 0.001785453861
-62.76276276, 0.001812580598
-62.16216216, 0.001836401314
-61.56156156, 0.001855301591
-60.96096096, 0.00188339312
-60.36036036, 0.001902910864
-59.75975976, 0.001925088218
-59.15915916, 0.00194911154
-58.55855856, 0.001974800737
-57.95795796, 0.001999962515
-57.35735736, 0.002021834351
-56.75675676, 0.002040351927
-56.15615616, 0.00206863963
-55.55555556, 0.002085832225
-54.95495495, 0.00210685826
-54.35435435, 0.002132962318
-53.75375375, 0.002159728866
-53.15315315, 0.002178426537
-52.55255255, 0.002200565299
-51.95195195, 0.002228502461
-51.35135135, 0.00225177003
-50.75075075, 0.002271876297
-50.15015015, 0.002297063802
-49.54954955, 0.002323077812
-48.94894895, 0.002348689826
-48.34834835, 0.002367326393
-47.74774775, 0.00239471684
-47.14714715, 0.002414848834
-46.54654655, 0.002439933428
-45.94594595, 0.002460380588
-45.34534535, 0.002487819275
-44.74474474, 0.002505552153
-44.14414414, 0.00253299084
-43.54354354, 0.002550678695
-42.94294294, 0.002581626008
-42.34234234, 0.002609103287
-41.74174174, 0.002628428072
-41.14114114, 0.002643491692
-40.54054054, 0.002669949507
-39.93993994, 0.002693291043
-39.33933934, 0.002709788987
-38.73873874, 0.002730046405
-38.13813814, 0.002756857977
-37.53753754, 0.002778919556
-36.93693694, 0.002803962342
-36.33633634, 0.002824737531
-35.73573574, 0.002855655901
-35.13513514, 0.0028752251
-34.53453453, 0.002903503156
-33.93393393, 0.002920895141
-33.33333333, 0.002945870392
-32.73273273, 0.002970598013
-32.13213213, 0.002995904509
-31.53153153, 0.003017486908
-30.93093093, 0.003045526981
-30.33033033, 0.003061947743
-29.72972973, 0.0030875887
-29.12912913, 0.003109865749
-28.52852853, 0.003136596921
-27.92792793, 0.003161115504
-27.32732733, 0.003179658808
-26.72672673, 0.003199366294
-26.12612613, 0.003220675335
-25.52552553, 0.003251683752
-24.92492492, 0.003274906297
-24.32432432, 0.003287844159
-23.72372372, 0.003306683332
-23.12312312, 0.003329285194
-22.52252252, 0.003340110162
-21.92192192, 0.003359685793
-21.32132132, 0.003379592669
-20.72072072, 0.003398306419
-20.12012012, 0.003422471245
-19.51951952, 0.003442297722
-18.91891892, 0.003454917202
-18.31831832, 0.003480831517
-17.71771772, 0.003503423732
-17.11711712, 0.003514547785
-16.51651652, 0.003532422166
-15.91591592, 0.003545890663
-15.31531532, 0.003553470713
-14.71471471, 0.003578497419
-14.11411411, 0.003598500775
-13.51351351, 0.003610187623
-12.91291291, 0.00362860872
-12.31231231, 0.003644807578
-11.71171171, 0.003660842423
-11.11111111, 0.003671670606
-10.51051051, 0.003685711546
-9.90990991, 0.003705377225
-9.309309309, 0.003725441684
-8.708708709, 0.003745814877
-8.108108108, 0.003756951793
-7.507507508, 0.003771298251
-6.906906907, 0.003788529438
-6.306306306, 0.003806210861
-5.705705706, 0.00381818393
-5.105105105, 0.003830047657
-4.504504505, 0.003844204372
-3.903903904, 0.003852186419
-3.303303303, 0.003872511372
-2.702702703, 0.00389097106
-2.102102102, 0.003897007443
-1.501501502, 0.003914801425
-0.9009009009, 0.003925063596
-0.3003003003, 0.003927848629
0.3003003003, 0.003926587968
0.9009009009, 0.003934592526
1.501501502, 0.003930488944
2.102102102, 0.003927395177
2.702702703, 0.003938332703
3.303303303, 0.003922439362
3.903903904, 0.003935544454
4.504504505, 0.003940242992
5.105105105, 0.003937927491
5.705705706, 0.003946186111
6.306306306, 0.003952084206
6.906906907, 0.003954209965
7.507507508, 0.003945957777
8.108108108, 0.003954737384
8.708708709, 0.003948655978
9.309309309, 0.003942764315
9.90990991, 0.003939985714
10.51051051, 0.003939287847
11.11111111, 0.0039284468
11.71171171, 0.003924175987
12.31231231, 0.003919705784
12.91291291, 0.00391759289
13.51351351, 0.003916756736
14.11411411, 0.003909414669
14.71471471, 0.003907819546
15.31531532, 0.003907539756
15.91591592, 0.003896525047
16.51651652, 0.003895090722
17.11711712, 0.003901834619
17.71771772, 0.00388882279
18.31831832, 0.003883072629
18.91891892, 0.003891344113
19.51951952, 0.003888044524
20.12012012, 0.003879470739
20.72072072, 0.003882230044
21.32132132, 0.00387805571
21.92192192, 0.003869067064
22.52252252, 0.003865577733
23.12312312, 0.003858155266
23.72372372, 0.003845194892
24.32432432, 0.003839599098
24.92492492, 0.003824561206
25.52552553, 0.003814842534
26.12612613, 0.003804245901
26.72672673, 0.003791784003
27.32732733, 0.003793787555
27.92792793, 0.003780479856
28.52852853, 0.003768911999
29.12912913, 0.003744692502
29.72972973, 0.003740038988
30.33033033, 0.003720321854
30.93093093, 0.003714890075
31.53153153, 0.003694651953
32.13213213, 0.003671853916
32.73273273, 0.003658411147
33.33333333, 0.00364876001
33.93393393, 0.003630084851
34.53453453, 0.003613075567
35.13513514, 0.003600346744
35.73573574, 0.003592149227
36.33633634, 0.00357547762
36.93693694, 0.003562758444
37.53753754, 0.003548148277
38.13813814, 0.003540452452
38.73873874, 0.003519532544
39.33933934, 0.003507861775
39.93993994, 0.003488527342
40.54054054, 0.003468324596
41.14114114, 0.00345087794
41.74174174, 0.003434753048
42.34234234, 0.003413479383
42.94294294, 0.00339561465
43.54354354, 0.00337943187
44.14414414, 0.003351411093
44.74474474, 0.003337559894
45.34534535, 0.003317720553
45.94594595, 0.003304573653
46.54654655, 0.003279061335
47.14714715, 0.003261720805
47.74774775, 0.003244241989
48.34834835, 0.003227403151
48.94894895, 0.003204428236
49.54954955, 0.003172545074
50.15015015, 0.003158909346
50.75075075, 0.003137728944
51.35135135, 0.003107009964
51.95195195, 0.003091116623
52.55255255, 0.003068537272
53.15315315, 0.003040693373
53.75375375, 0.003013872153
54.35435435, 0.002994987957
54.95495495, 0.002973485957
55.55555556, 0.002956486321
56.15615616, 0.002935203008
56.75675676, 0.00291203835
57.35735736, 0.002893170233
57.95795796, 0.002871922296
58.55855856, 0.002850848021
59.15915916, 0.002827403573
59.75975976, 0.00280851616
60.36036036, 0.002782193417
60.96096096, 0.002763958846
61.56156156, 0.002747814659
62.16216216, 0.002722369876
62.76276276, 0.00270702325
63.36336336, 0.002679420549
63.96396396, 0.002661874197
64.56456456, 0.002635892347
65.16516517, 0.002612570106
65.76576577, 0.002588794413
66.36636637, 0.002565372478
66.96696697, 0.002541854063
67.56756757, 0.002522838011
68.16816817, 0.002499043023
68.76876877, 0.002477544239
69.36936937, 0.002450327455
69.96996997, 0.002427294652
70.57057057, 0.002400817542
71.17117117, 0.002378874954
71.77177177, 0.002357443706
72.37237237, 0.00233379022
72.97297297, 0.002314098814
73.57357357, 0.002289329386
74.17417417, 0.002273236654
74.77477477, 0.002245588929
75.37537538, 0.002222575422
75.97597598, 0.002201359644
76.57657658, 0.002183684653
77.17717718, 0.002164044703
77.77777778, 0.002136332658
78.37837838, 0.002114055609
78.97897898, 0.002094756552
79.57957958, 0.002074544158
80.18018018, 0.002050643042
80.78078078, 0.002029401537
81.38138138, 0.002009456069
81.98198198, 0.001988040901
82.58258258, 0.001964770116
83.18318318, 0.001943322788
83.78378378, 0.001925876131
84.38438438, 0.001905850264
84.98498498, 0.001886033435
85.58558559, 0.001866235901
86.18618619, 0.00184593346
86.78678679, 0.001823759322
87.38738739, 0.001806997668
87.98798799, 0.001784926441
88.58858859, 0.001767643799
89.18918919, 0.00174536675
89.78978979, 0.001728531128
90.39039039, 0.001707032345
90.99099099, 0.001686446898
91.59159159, 0.001671701659
92.19219219, 0.001650421562
92.79279279, 0.001630437502
93.39339339, 0.001602625763
93.99399399, 0.001592315351
94.59459459, 0.001568568602
95.1951952, 0.001552141409
95.7957958, 0.001532655825
96.3963964, 0.001511961035
96.996997, 0.00149319583
97.5975976, 0.001474511023
98.1981982, 0.001456736337
98.7987988, 0.001436417816
99.3993994, 0.001418729961
100, 0.001403923619
100.6006006, 0.001379790953
101.2012012, 0.001362514743
101.8018018, 0.001344469915
102.4024024, 0.001327740421
103.003003, 0.001310795456
103.6036036, 0.001293123681
104.2042042, 0.001275394019
104.8048048, 0.001257342759
105.4054054, 0.001238706192
106.006006, 0.001219468238
106.6066066, 0.001202452522
107.2072072, 0.001187115544
107.8078078, 0.001170688351
108.4084084, 0.001149903514
109.009009, 0.001137097507
109.6096096, 0.001123928095
110.2102102, 0.001104783404
110.8108108, 0.001089562201
111.4114114, 0.001070983522
112.012012, 0.001053983886
112.6126126, 0.001037672468
113.2132132, 0.001026062803
113.8138138, 0.001008577555
114.4144144, 0.0009940606499
115.015015, 0.0009766590169
115.6156156, 0.0009595146617
116.2162162, 0.0009460140046
116.8168168, 0.0009284290611
117.4174174, 0.0009181154338
118.018018, 0.0009038429431
118.6186186, 0.0008881554239
119.2192192, 0.0008774590958
119.8198198, 0.0008593403007
120.4204204, 0.0008463606313
121.021021, 0.0008351883391
121.6216216, 0.0008203594849
122.2222222, 0.0008104575022
122.8228228, 0.0007972269869
123.4234234, 0.00078491624
124.024024, 0.0007715956775
124.6246246, 0.0007577605591
125.2252252, 0.0007459257763
125.8258258, 0.0007335024704
126.4264264, 0.0007240860997
127.027027, 0.000709077151
127.6276276, 0.0006979145067
128.2282282, 0.0006846807755
128.8288288, 0.0006748688401
129.4294294, 0.0006634842936
130.03003, 0.0006532607136
130.6306306, 0.0006394223792
131.2312312, 0.0006333506211
131.8318318, 0.0006202648246
132.4324324, 0.0006094945291
133.033033, 0.0005983801244
133.6336336, 0.0005876548525
134.2342342, 0.0005785118396
134.8348348, 0.0005701792521
135.4354354, 0.0005589297765
136.036036, 0.0005497931955
136.6366366, 0.0005387591902
137.2372372, 0.0005286063616
137.8378378, 0.0005187333227
138.4384384, 0.0005116099412
139.039039, 0.0005017497662
139.6396396, 0.0004943047874
140.2402402, 0.0004855766351
140.8408408, 0.0004780094492
141.4414414, 0.0004687570932
142.042042, 0.0004567068402
142.6426426, 0.0004492297016
143.2432432, 0.0004407459633
143.8438438, 0.0004331916414
144.4444444, 0.0004256566153
145.045045, 0.0004209291341
145.6456456, 0.0004112651335
146.2462462, 0.0004050293607
146.8468468, 0.0003950083871
147.4474474, 0.0003853186587
148.048048, 0.0003812022125
148.6486486, 0.0003749728717
149.2492492, 0.000367505381
149.8498498, 0.0003599060354
150.4504505, 0.0003545835991
151.0510511, 0.0003464889936
151.6516517, 0.0003402821646
152.2522523, 0.0003328211059
152.8528529, 0.0003272542557
153.4534535, 0.0003223306001
154.0540541, 0.000313817918
154.6546547, 0.0003085051297
155.2552553, 0.0003014685795
155.8558559, 0.0002976801626
156.4564565, 0.0002911163605
157.0570571, 0.0002853211761
157.6576577, 0.00027925585
158.2582583, 0.0002738690942
158.8588589, 0.0002683922912
159.4594595, 0.0002632274376
160.0600601, 0.0002593939971
160.6606607, 0.0002526629644
161.2612613, 0.0002445329832
161.8618619, 0.0002430472034
162.4624625, 0.0002371040842
163.0630631, 0.0002327142803
163.6636637, 0.0002274947552
164.2642643, 0.0002222366384
164.8648649, 0.0002182552631
165.4654655, 0.0002138976189
166.0660661, 0.0002092087294
166.6666667, 0.0002046581268
167.2672673, 0.0002001396839
167.8678679, 0.0001959171106
168.4684685, 0.0001920193506
169.0690691, 0.0001881376705
169.6696697, 0.0001855391638
170.2702703, 0.0001813712621
170.8708709, 0.0001780555933
171.4714715, 0.0001739841707
172.0720721, 0.000168227578
172.6726727, 0.0001661339792
173.2732733, 0.0001648604537
173.8738739, 0.0001578303354
174.4744745, 0.0001562287806
175.0750751, 0.0001528520083
175.6756757, 0.0001483174856
176.2762763, 0.0001467255787
176.8768769, 0.0001431815758
177.4774775, 0.0001398948508
178.0780781, 0.0001371805691
178.6786787, 0.0001338745482
179.2792793, 0.000130976956
179.8798799, 0.000128671103
180.4804805, 0.0001244292338
181.0810811, 0.0001216442007
181.6816817, 0.0001189652947
182.2822823, 0.0001168974237
182.8828829, 0.0001142764052
183.4834835, 0.0001120895432
184.0840841, 0.0001094685247
184.6846847, 0.0001072076953
185.2852853, 0.0001059598976
185.8858859, 0.0001020042501
186.4864865, 0.0001000328582
187.0870871, 9.75308308e-05
187.6876877, 9.57652613e-05
188.2882883, 9.322464217e-05
188.8888889, 9.079979809e-05
189.4894895, 8.834922622e-05
190.0900901, 8.821415533e-05
190.6906907, 8.532942703e-05
191.2912913, 8.296568645e-05
191.8918919, 8.055692224e-05
192.4924925, 7.892320766e-05
193.0930931, 7.727984516e-05
193.6936937, 7.585838483e-05
194.2942943, 7.328239e-05
194.8948949, 7.129170235e-05
195.4954955, 6.957758843e-05
196.0960961, 6.766086818e-05
196.6966967, 6.552546172e-05
197.2972973, 6.475041209e-05
197.8978979, 6.384993948e-05
198.4984985, 6.113887375e-05
199.0990991, 5.933471257e-05
199.6996997, 5.738583258e-05
200.3003003, 5.617341054e-05
200.9009009, 5.568779853e-05
201.5015015, 5.42438264e-05
202.1021021, 5.316647525e-05
202.7027027, 5.092172569e-05
203.3033033, 5.006306074e-05
203.9039039, 4.974789533e-05
204.5045045, 4.836824266e-05
205.1051051, 4.612992505e-05
205.7057057, 4.594983053e-05
206.3063063, 4.397843872e-05
206.9069069, 4.348317879e-05
207.5075075, 4.288822368e-05
208.1081081, 4.115481392e-05
208.7087087, 4.005816693e-05
209.3093093, 4.010319056e-05
209.9099099, 3.848877182e-05
210.5105105, 3.727313381e-05
211.1111111, 3.664601896e-05
211.7117117, 3.571338662e-05
212.3123123, 3.499944048e-05
212.9129129, 3.396068102e-05
213.5135135, 3.342361343e-05
214.1141141, 3.269358743e-05
214.7147147, 3.185100235e-05
215.3153153, 3.088621027e-05
215.9159159, 3.007256896e-05
216.5165165, 2.935862282e-05
217.1171171, 2.879904342e-05
217.7177177, 2.764129293e-05
218.3183183, 2.730039973e-05
218.9189189, 2.624234442e-05
219.5195195, 2.624877637e-05
220.1201201, 2.521323288e-05
220.7207207, 2.450250272e-05
221.3213213, 2.367278153e-05
221.9219219, 2.296848332e-05
222.5225225, 2.310677018e-05
223.1231231, 2.254719078e-05
223.7237237, 2.120291382e-05
224.3243243, 2.123828953e-05
224.9249249, 2.033781693e-05
225.5255255, 2.00130036e-05
226.1261261, 1.939875264e-05
226.7267267, 1.881022948e-05
227.3273273, 1.860762314e-05
227.9279279, 1.852079185e-05
228.5285285, 1.730836981e-05
229.1291291, 1.689350922e-05
229.7297297, 1.664587926e-05
230.3303303, 1.610881167e-05
230.9309309, 1.585796573e-05
231.5315315, 1.561355174e-05
232.1321321, 1.473880692e-05
232.7327327, 1.481599029e-05
233.3333333, 1.380295861e-05
233.9339339, 1.36100002e-05
234.5345345, 1.333985842e-05
235.1351351, 1.27449033e-05
235.7357357, 1.266128799e-05
236.3363363, 1.265807202e-05
236.9369369, 1.165468826e-05
237.5375375, 1.141992219e-05
238.1381381, 1.121409988e-05
238.7387387, 1.093431018e-05
239.3393393, 1.07735115e-05
239.9399399, 1.055804127e-05
240.5405405, 1.023322794e-05
241.1411411, 9.869822921e-06
241.7417417, 9.487122065e-06
242.3423423, 9.397074804e-06
242.9429429, 9.374562989e-06
243.5435435, 8.937190582e-06
244.1441441, 8.470874413e-06
244.7447447, 8.197516659e-06
245.3453453, 8.229676394e-06
245.9459459, 7.731200489e-06
246.5465465, 7.83089567e-06
247.1471471, 7.576833757e-06
247.7477477, 6.985094619e-06
248.3483483, 7.014038381e-06
248.9489489, 7.097653694e-06
249.5495495, 6.956150856e-06
250.1501502, 6.612041683e-06
250.7507508, 6.22290888e-06
251.3513514, 6.35797977e-06
251.951952, 5.888447627e-06
252.5525526, 6.029950465e-06
253.1531532, 5.788752446e-06
253.7537538, 5.470371062e-06
254.3543544, 5.119829941e-06
254.954955, 5.187365387e-06
255.5555556, 5.264548753e-06
256.1561562, 4.968679183e-06
256.7567568, 4.833608293e-06
257.3573574, 4.766072847e-06
257.957958, 4.663161693e-06
258.5585586, 4.66959364e-06
259.1591592, 4.306188625e-06
259.7597598, 4.331916414e-06
260.3603604, 4.174333708e-06
260.960961, 3.923487769e-06
261.5615616, 3.859168298e-06
262.1621622, 3.778768958e-06
262.7627628, 3.743393249e-06
263.3633634, 3.617970279e-06
263.963964, 3.605106385e-06
264.5645646, 3.415363943e-06
265.1651652, 3.244917343e-06
265.7657658, 3.344612525e-06
266.3663664, 3.405716023e-06
266.966967, 3.051958929e-06
267.5675676, 3.093766585e-06
268.1681682, 2.958695695e-06
268.7687688, 2.881512329e-06
269.3693694, 2.859000514e-06
269.96997, 2.643530284e-06
270.5705706, 2.524539261e-06
271.1711712, 2.649962231e-06
271.7717718, 2.566346918e-06
272.3723724, 2.537403156e-06
272.972973, 2.280125269e-06
273.5735736, 2.225453718e-06
274.1741742, 2.357308635e-06
274.7747748, 2.251181507e-06
275.3753754, 2.260829428e-06
275.975976, 2.055007118e-06
276.5765766, 2.112894643e-06
277.1771772, 2.109678669e-06
277.7777778, 1.784865338e-06
278.3783784, 1.755921575e-06
278.978979, 1.833104941e-06
279.5795796, 1.887776492e-06
280.1801802, 1.752705602e-06
280.7807808, 1.653010421e-06
281.3813814, 1.585474976e-06
281.981982, 1.662658342e-06
282.5825826, 1.56296316e-06
283.1831832, 1.488995768e-06
283.7837838, 1.479347847e-06
284.3843844, 1.373220719e-06
284.984985, 1.379652666e-06
285.5855856, 1.572611081e-06
286.1861862, 1.437540191e-06
286.7867868, 1.160966463e-06
287.3873874, 1.238149829e-06
287.987988, 1.29282138e-06
288.5885886, 1.109510886e-06
289.1891892, 1.154534516e-06
289.7897898, 9.744399951e-07
290.3903904, 1.125590753e-06
290.990991, 9.101205235e-07
291.5915916, 1.038759467e-06
292.1921922, 1.009815705e-06
292.7927928, 8.490170255e-07
293.3933934, 9.647920744e-07
293.993994, 1.013031678e-06
294.5945946, 8.458010519e-07
295.1951952, 9.358483121e-07
295.7957958, 8.972566292e-07
296.3963964, 8.843927348e-07
296.996997, 6.560586106e-07
297.5975976, 7.557537916e-07
298.1981982, 6.399787427e-07
298.7987988, 6.624905577e-07
299.3993994, 7.750496331e-07
300, 3.140076605e-05
