-300, 1.244581776e-06
-299.3993994, 2.251181507e-08
-298.7987988, 3.215973581e-08
-298.1981982, 5.788752446e-08
-297.5975976, 3.215973581e-08
-296.996997, 2.572778865e-08
-296.3963964, 3.537570939e-08
-295.7957958, 2.572778865e-08
-295.1951952, 2.894376223e-08
-294.5945946, 2.894376223e-08
-293.993994, 3.537570939e-08
-293.3933934, 1.929584149e-08
-292.7927928, 3.859168298e-08
-292.1921922, 2.894376223e-08
-291.5915916, 7.396739237e-08
-290.990991, 4.823960372e-08
-290.3903904, 8.683128669e-08
-289.7897898, 9.647920744e-08
-289.1891892, 7.718336595e-08
-288.5885886, 7.075141879e-08
-287.987988, 7.718336595e-08
-287.3873874, 6.431947163e-08
-286.7867868, 1.093431018e-07
-286.1861862, 1.061271282e-07
-285.5855856, 7.396739237e-08
-284.984985, 8.683128669e-08
-284.3843844, 6.753544521e-08
-283.7837838, 9.004726028e-08
-283.1831832, 9.647920744e-08
-282.5825826, 7.396739237e-08
-281.981982, 6.431947163e-08
-281.3813814, 9.004726028e-08
-280.7807808, 7.396739237e-08
-280.1801802, 7.396739237e-08
-279.5795796, 7.718336595e-08
-278.978979, 7.075141879e-08
-278.3783784, 7.396739237e-08
-277.7777778, 1.222069961e-07
-277.1771772, 1.222069961e-07
-276.5765766, 1.157750489e-07
-275.975976, 1.286389433e-07
-275.3753754, 1.350708904e-07
-274.7747748, 1.447188112e-07
-274.1741742, 1.511507583e-07
-273.5735736, 1.607986791e-07
-272.972973, 1.76878547e-07
-272.3723724, 1.833104941e-07
-271.7717718, 1.575827055e-07
-271.1711712, 1.704465998e-07
-270.5705706, 1.897424413e-07
-269.96997, 1.929584149e-07
-269.3693694, 1.800945206e-07
-268.7687688, 2.026063356e-07
-268.1681682, 1.640146526e-07
-267.5675676, 2.37982045e-07
-266.966967, 1.961743885e-07
-266.3663664, 2.604938601e-07
-265.7657658, 2.219021771e-07
-265.1651652, 2.122542564e-07
-264.5645646, 2.026063356e-07
-263.963964, 1.99390362e-07
-263.3633634, 2.154702299e-07
-262.7627628, 2.186862035e-07
-262.1621622, 3.37677226e-07
-261.5615616, 2.990855431e-07
-260.960961, 2.830056752e-07
-260.3603604, 1.99390362e-07
-259.7597598, 3.312452789e-07
-259.1591592, 2.926535959e-07
-258.5585586, 3.312452789e-07
-257.957958, 3.408931996e-07
-257.3573574, 3.569730675e-07
-256.7567568, 3.76268909e-07
-256.1561562, 3.698369618e-07
-255.5555556, 3.923487769e-07
-254.954955, 3.344612525e-07
-254.3543544, 5.016918787e-07
-253.7537538, 3.248133317e-07
-253.1531532, 4.53452275e-07
-252.5525526, 5.049078523e-07
-251.951952, 3.923487769e-07
-251.3513514, 4.405883806e-07
-250.7507508, 5.177717466e-07
-250.1501502, 4.727481164e-07
-249.5495495, 4.952599315e-07
-248.9489489, 4.888279844e-07
-248.3483483, 5.177717466e-07
-247.7477477, 5.499314824e-07
-247.1471471, 5.724432975e-07
-246.5465465, 5.14555773e-07
-245.9459459, 6.303308219e-07
-245.3453453, 5.981710861e-07
-244.7447447, 7.107301615e-07
-244.1441441, 6.624905577e-07
-243.5435435, 7.268100294e-07
-242.9429429, 8.200732632e-07
-242.3423423, 8.586649462e-07
-241.7417417, 7.557537916e-07
-241.1411411, 7.300260029e-07
-240.5405405, 7.846975538e-07
-239.9399399, 7.557537916e-07
-239.3393393, 8.29721184e-07
-238.7387387, 8.361531311e-07
-238.1381381, 8.90824682e-07
-237.5375375, 7.814815802e-07
-236.9369369, 9.744399951e-07
-236.3363363, 9.969518102e-07
-235.7357357, 9.712240215e-07
-235.1351351, 1.093431018e-06
-234.5345345, 1.061271282e-06
-233.9339339, 1.132022701e-06
-233.3333333, 1.090215044e-06
-232.7327327, 1.03232752e-06
-232.1321321, 1.154534516e-06
-231.5315315, 1.209206067e-06
-230.9309309, 1.260661644e-06
-230.3303303, 1.267093591e-06
-229.7297297, 1.334629036e-06
-229.1291291, 1.341060983e-06
-228.5285285, 1.460052006e-06
-227.9279279, 1.431108244e-06
-227.3273273, 1.501859662e-06
-226.7267267, 1.514723557e-06
-226.1261261, 1.559747187e-06
-225.5255255, 1.653010421e-06
-224.9249249, 1.775217417e-06
-224.3243243, 1.772001443e-06
-223.7237237, 1.929584149e-06
-223.1231231, 1.852400783e-06
-222.5225225, 2.061439066e-06
-221.9219219, 2.132190484e-06
-221.3213213, 2.183646062e-06
-220.7207207, 2.251181507e-06
-220.1201201, 2.215805797e-06
-219.5195195, 2.11932659e-06
-218.9189189, 2.228669692e-06
-218.3183183, 2.399116292e-06
-217.7177177, 2.624234442e-06
-217.1171171, 2.518107314e-06
-216.5165165, 2.463435763e-06
-215.9159159, 2.772169227e-06
-215.3153153, 2.81076091e-06
-214.7147147, 2.826840778e-06
-214.1141141, 2.994071404e-06
-213.5135135, 2.968343616e-06
-212.9129129, 2.997287378e-06
-212.3123123, 3.399284075e-06
-211.7117117, 3.24170137e-06
-211.1111111, 3.351044472e-06
-210.5105105, 3.778768958e-06
-209.9099099, 3.675857803e-06
-209.3093093, 3.968511399e-06
-208.7087087, 4.029614897e-06
-208.1081081, 4.010319056e-06
-207.5075075, 4.322268493e-06
-206.9069069, 4.425179648e-06
-206.3063063, 4.695321429e-06
-205.7057057, 4.775720768e-06
-205.1051051, 5.007270866e-06
-204.5045045, 5.026566708e-06
-203.9039039, 5.126261889e-06
-203.3033033, 5.206661228e-06
-202.7027027, 5.309572383e-06
-202.1021021, 5.650465582e-06
-201.5015015, 5.769456605e-06
-200.9009009, 6.065326174e-06
-200.3003003, 6.155373435e-06
-199.6996997, 6.35797977e-06
-199.0990991, 6.473754819e-06
-198.4984985, 6.550938185e-06
-197.8978979, 7.081573826e-06
-197.2972973, 7.223076664e-06
-196.6966967, 7.412819105e-06
-196.0960961, 7.885567221e-06
-195.4954955, 7.998126297e-06
-194.8948949, 8.007774217e-06
-194.2942943, 8.223244447e-06
-193.6936937, 8.921110714e-06
-193.0930931, 8.924326688e-06
-192.4924925, 9.525713748e-06
-191.8918919, 9.33918728e-06
-191.2912913, 9.766911766e-06
-190.6906907, 1.021071612e-05
-190.0900901, 1.080567123e-05
-189.4894895, 1.102435744e-05
-188.8888889, 1.137168258e-05
-188.2882883, 1.17350876e-05
-187.6876877, 1.237185037e-05
-187.0870871, 1.227537116e-05
-186.4864865, 1.269023175e-05
-185.8858859, 1.327875492e-05
-185.2852853, 1.361321617e-05
-184.6846847, 1.446544917e-05
-184.0840841, 1.450404085e-05
-183.4834835, 1.531768217e-05
-182.8828829, 1.548169682e-05
-182.2822823, 1.594801299e-05
-181.6816817, 1.652367226e-05
-181.0810811, 1.755599978e-05
-180.4804805, 1.78583013e-05
-179.8798799, 1.808341945e-05
-179.2792793, 1.876842182e-05
-178.6786787, 1.95499034e-05
-178.0780781, 2.033460095e-05
-177.4774775, 2.060795871e-05
-176.8768769, 2.135728055e-05
-176.2762763, 2.207444266e-05
-175.6756757, 2.28366284e-05
-175.0750751, 2.347982312e-05
-174.4744745, 2.387538787e-05
-173.8738739, 2.485947578e-05
-173.2732733, 2.562166152e-05
-172.6726727, 2.667650086e-05
-172.0720721, 2.752230191e-05
-171.4714715, 2.767345267e-05
-170.8708709, 2.912385675e-05
-170.2702703, 2.997287378e-05
-169.6696697, 3.081224288e-05
-169.0690691, 3.205682466e-05
-168.4684685, 3.332070228e-05
-167.8678679, 3.384169e-05
-167.2672673, 3.449774861e-05
-166.6666667, 3.652381196e-05
-166.0660661, 3.679395374e-05
-165.4654655, 3.790346463e-05
-164.8648649, 4.016751003e-05
-164.2642643, 4.047945947e-05
-163.6636637, 4.132204455e-05
-163.0630631, 4.284641602e-05
-162.4624625, 4.461841747e-05
-161.8618619, 4.608168545e-05
-161.2612613, 4.742917838e-05
-160.6606607, 4.842934616e-05
-160.0600601, 5.036536226e-05
-159.4594595, 5.240428951e-05
-158.8588589, 5.285452581e-05
-158.2582583, 5.507354758e-05
-157.6576577, 5.679409345e-05
-157.0570571, 5.799043562e-05
-156.4564565, 6.076260484e-05
-155.8558559, 6.182066015e-05
-155.2552553, 6.420691255e-05
-154.6546547, 6.619116825e-05
-154.0540541, 6.731032706e-05
-153.4534535, 6.969014751e-05
-152.8528529, 7.285466551e-05
-152.2522523, 7.524413388e-05
-151.6516517, 7.608350299e-05
-151.0510511, 7.978508858e-05
-150.4504505, 8.14992025e-05
-149.8498498, 8.377289582e-05
-149.2492492, 8.660616854e-05
-148.6486486, 9.036242569e-05
-148.048048, 9.268757459e-05
-147.4474474, 9.576847728e-05
-146.8468468, 9.822869707e-05
-146.2462462, 0.0001014543186
-145.6456456, 0.0001050722888
-145.045045, 0.0001081435436
-144.4444444, 0.0001118097535
-143.8438438, 0.0001150128632
-143.2432432, 0.000118814144
-142.6426426, 0.0001231717882
-142.042042, 0.000126481025
-141.4414414, 0.0001307325421
-140.8408408, 0.0001368396759
-140.2402402, 0.0001389557865
-139.6396396, 0.000144249279
-139.039039, 0.0001495492035
-138.4384384, 0.0001546465216
-137.8378378, 0.0001573125637
-137.2372372, 0.0001630562925
-136.6366366, 0.000168719622
-136.036036, 0.0001752641282
-135.4354354, 0.0001802456713
-134.8348348, 0.0001845615079
-134.2342342, 0.0001932767963
-133.6336336, 0.0001972260118
-133.033033, 0.0002058255252
-132.4324324, 0.0002124311349
-131.8318318, 0.0002185961563
-131.2312312, 0.0002257356176
-130.6306306, 0.0002324505705
-130.03003, 0.0002399051972
-129.4294294, 0.0002474112796
-128.8288288, 0.0002565768043
-128.2282282, 0.0002663983876
-127.6276276, 0.0002729814855
-127.027027, 0.0002798926127
-126.4264264, 0.0002896595245
-125.8258258, 0.0002967925539
-125.2252252, 0.0003075982251
-124.6246246, 0.0003192400495
-124.024024, 0.0003298366824
-123.4234234, 0.0003381789179
-122.8228228, 0.0003481034124
-122.2222222, 0.0003593818317
-121.6216216, 0.0003700524321
-121.021021, 0.0003794816666
-120.4204204, 0.000392094715
-119.8198198, 0.0004030804808
-119.2192192, 0.0004146804975
-118.6186186, 0.0004257691744
-118.018018, 0.0004369607624
-117.4174174, 0.0004492361336
-116.8168168, 0.0004638495175
-116.2162162, 0.0004740312899
-115.6156156, 0.0004884935231
-115.015015, 0.0004982507869
-114.4144144, 0.0005145268292
-113.8138138, 0.0005257248493
-113.2132132, 0.0005409492682
-112.6126126, 0.0005530541927
-112.012012, 0.0005679763102
-111.4114114, 0.000582850188
-110.8108108, 0.0006010622464
-110.2102102, 0.0006123438817
-109.6096096, 0.0006271212803
-109.009009, 0.0006421398769
-108.4084084, 0.0006581908011
-107.8078078, 0.0006756438897
-107.2072072, 0.000691070915
-106.6066066, 0.000708102711
-106.006006, 0.0007170688454
-105.4054054, 0.000735255176
-104.8048048, 0.0007481319342
-104.2042042, 0.000764835701
-103.6036036, 0.000781999352
-103.003003, 0.0008008224454
-102.4024024, 0.0008217487855
-101.8018018, 0.0008344776089
-101.2012012, 0.000853455069
-100.6006006, 0.0008714387933
-100, 0.0008894064377
-99.3993994, 0.000908116972
-98.7987988, 0.0009276572274
-98.1981982, 0.0009476252074
-97.5975976, 0.0009647663466
-96.996997, 0.0009839271172
-96.3963964, 0.001008066215
-95.7957958, 0.00102253488
-95.1951952, 0.00104732682
-94.59459459, 0.001065095074
-93.99399399, 0.001088536306
-93.39339339, 0.001104966715
-92.79279279, 0.001126780664
-92.19219219, 0.001150282999
-91.59159159, 0.001166658736
-90.99099099, 0.001189952033
-90.39039039, 0.001210032572
-89.78978979, 0.001226077064
-89.18918919, 0.001251759829
-88.58858859, 0.001268289933
-87.98798799, 0.001291982011
-87.38738739, 0.001311522266
-86.78678679, 0.001337114984
-86.18618619, 0.001352419802
-85.58558559, 0.001372387782
-84.98498498, 0.001393413817
-84.38438438, 0.001409258919
-83.78378378, 0.001436449976
-83.18318318, 0.00145322771
-82.58258258, 0.001474134754
-81.98198198, 0.001498643689
-81.38138138, 0.001514858628
-80.78078078, 0.001537753144
-80.18018018, 0.001568292029
-79.57957958, 0.001589314848
-78.97897898, 0.001613585801
-78.37837838, 0.0016340812
-77.77777778, 0.001662613318
-77.17717718, 0.001689238363
-76.57657658, 0.001714451596
-75.97597598, 0.001740137577
-75.37537538, 0.001766331682
-74.77477477, 0.00179461617
-74.17417417, 0.001815754764
-73.57357357, 0.001840241187
-72.97297297, 0.001861247926
-72.37237237, 0.001889326591
-71.77177177, 0.001914861422
-71.17117117, 0.001941274213
-70.57057057, 0.001964898755
-69.96996997, 0.00199560487
-69.36936937, 0.002020036622
-68.76876877, 0.002047021856
-68.16816817, 0.002075859491
-67.56756757, 0.002097364706
-66.96696697, 0.002124964192
-66.36636637, 0.002150486158
-65.76576577, 0.002183147586
-65.16516517, 0.002205993862
-64.56456456, 0.002232818298
-63.96396396, 0.002254284921
-63.36336336, 0.002285019981
-62.76276276, 0.00230366298
-62.16216216, 0.002339032257
-61.56156156, 0.002368757501
-60.96096096, 0.002400766086
-60.36036036, 0.002426921599
-59.75975976, 0.002459081335
-59.15915916, 0.002483442335
-58.55855856, 0.002512855629
-57.95795796, 0.00253692076
-57.35735736, 0.002575223005
-56.75675676, 0.002601237015
-56.15615616, 0.002626733254
-55.55555556, 0.00265762268
-54.95495495, 0.002691310003
-54.35435435, 0.00271551342
-53.75375375, 0.0027438365
-53.15315315, 0.002774134187
-52.55255255, 0.002793430028
-51.95195195, 0.002819768852
-51.35135135, 0.00286485037
-50.75075075, 0.002886066147
-50.15015015, 0.00291276516
-49.54954955, 0.002944188438
-48.94894895, 0.00297262086
-48.34834835, 0.002999168722
-47.74774775, 0.003019332877
-47.14714715, 0.003055573683
-46.54654655, 0.003080249848
-45.94594595, 0.003114564286
-45.34534535, 0.003138478266
-44.74474474, 0.003158137512
-44.14414414, 0.003187370712
-43.54354354, 0.003217562272
-42.94294294, 0.003246116902
-42.34234234, 0.003266274624
-41.74174174, 0.003294964324
-41.14114114, 0.003323023694
-40.54054054, 0.003353816641
-39.93993994, 0.003383200992
-39.33933934, 0.003401580281
-38.73873874, 0.003424905737
-38.13813814, 0.003460648067
-37.53753754, 0.003484324065
-36.93693694, 0.003508945559
-36.33633634, 0.0035291676
-35.73573574, 0.003562575134
-35.13513514, 0.00358713874
-34.53453453, 0.003615786633
-33.93393393, 0.003640752236
-33.33333333, 0.003667415873
-32.73273273, 0.003684614899
-32.13213213, 0.003706785821
-31.53153153, 0.003723454212
-30.93093093, 0.003741733806
-30.33033033, 0.003762065191
-29.72972973, 0.003778627455
-29.12912913, 0.003804963063
-28.52852853, 0.00382403057
-27.92792793, 0.003837026319
-27.32732733, 0.003854646639
-26.72672673, 0.003868201967
-26.12612613, 0.003882706008
-25.52552553, 0.003907375742
-24.92492492, 0.003924015189
-24.32432432, 0.00393822336
-23.72372372, 0.003949990607
-23.12312312, 0.003957400211
-22.52252252, 0.003978825027
-21.92192192, 0.003995178252
-21.32132132, 0.004007205993
-20.72072072, 0.004021095783
-20.12012012, 0.004029569874
-19.51951952, 0.004042845413
-18.91891892, 0.004047405663
-18.31831832, 0.0040628552
-17.71771772, 0.004070007526
-17.11711712, 0.004090380718
-16.51651652, 0.004101935711
-15.91591592, 0.004109785903
-15.31531532, 0.004118285721
-14.71471471, 0.004128480357
-14.11411411, 0.004140620657
-13.51351351, 0.004146737439
-12.91291291, 0.004154401104
-12.31231231, 0.004161122489
-11.71171171, 0.00417174485
-11.11111111, 0.004180080653
-10.51051051, 0.004191889708
-9.90990991, 0.00419262295
-9.309309309, 0.004197942171
-8.708708709, 0.004195192513
-8.108108108, 0.004200067929
-7.507507508, 0.004208172183
-6.906906907, 0.004215675049
-6.306306306, 0.004219862246
-5.705705706, 0.004214517298
-5.105105105, 0.004214221429
-4.504504505, 0.004214919295
-3.903903904, 0.004214481923
-3.303303303, 0.004211812665
-2.702702703, 0.004208194694
-2.102102102, 0.004202222631
-1.501501502, 0.004199206048
-0.9009009009, 0.004196208761
-0.3003003003, 0.004195668477
0.3003003003, 0.004182129228
0.9009009009, 0.004183222659
1.501501502, 0.004182868902
2.102102102, 0.004181746528
2.702702703, 0.004188622279
3.303303303, 0.00419650463
3.903903904, 0.004188992116
4.504504505, 0.004191301185
5.105105105, 0.004182341483
5.705705706, 0.004180939318
6.306306306, 0.004179665793
6.906906907, 0.004173352837
7.507507508, 0.004177704049
8.108108108, 0.004173320677
8.708708709, 0.004167927489
9.309309309, 0.004159446967
9.90990991, 0.004160212368
10.51051051, 0.004152297858
11.11111111, 0.004147695799
11.71171171, 0.004135864233
12.31231231, 0.004136539587
12.91291291, 0.004132233398
13.51351351, 0.004134561763
14.11411411, 0.004129236111
14.71471471, 0.004113169107
15.31531532, 0.004122122377
15.91591592, 0.004116803157
16.51651652, 0.004125399454
17.11711712, 0.004114429769
17.71771772, 0.004107891694
18.31831832, 0.004108808247
18.91891892, 0.004097912528
19.51951952, 0.004086479742
20.12012012, 0.004077349593
20.72072072, 0.004050264664
21.32132132, 0.004039989628
21.92192192, 0.004026556506
22.52252252, 0.004003983588
23.12312312, 0.003995084989
23.72372372, 0.003971499039
24.32432432, 0.003945211671
24.92492492, 0.003929080347
25.52552553, 0.003900303816
26.12612613, 0.003885050453
26.72672673, 0.003866060129
27.32732733, 0.003838579635
27.92792793, 0.00381912621
28.52852853, 0.003798302782
29.12912913, 0.003780888285
29.72972973, 0.003767027438
30.33033033, 0.003736125148
30.93093093, 0.003713822372
31.53153153, 0.00368815247
32.13213213, 0.00365602811
32.73273273, 0.003635532711
33.33333333, 0.003603401919
33.93393393, 0.00357965517
34.53453453, 0.003557522839
35.13513514, 0.003519577567
35.73573574, 0.003496178143
36.33633634, 0.003472344563
36.93693694, 0.003441545184
37.53753754, 0.003418779307
38.13813814, 0.00338365766
38.73873874, 0.003350661771
39.33933934, 0.003325303819
39.93993994, 0.003303846843
40.54054054, 0.003268570829
41.14114114, 0.003238173447
41.74174174, 0.003208486795
42.34234234, 0.003189773044
42.94294294, 0.003167338413
43.54354354, 0.003138040893
44.14414414, 0.003116243025
44.74474474, 0.003097741529
45.34534535, 0.003076123754
45.94594595, 0.003039812196
46.54654655, 0.003013894665
47.14714715, 0.002983082422
47.74774775, 0.002959033372
48.34834835, 0.002933083681
48.94894895, 0.002908700169
49.54954955, 0.002883667031
50.15015015, 0.00285262967
50.75075075, 0.002833304885
51.35135135, 0.002806293923
51.95195195, 0.002784055465
52.55255255, 0.002760405196
53.15315315, 0.00273506654
53.75375375, 0.002720064023
54.35435435, 0.002691380755
54.95495495, 0.002671406343
55.55555556, 0.002643967656
56.15615616, 0.002622353098
56.75675676, 0.002588260562
57.35735736, 0.002570479444
57.95795796, 0.002544571561
58.55855856, 0.002511180107
59.15915916, 0.002489282543
59.75975976, 0.00246702479
60.36036036, 0.00243655344
60.96096096, 0.002405828028
61.56156156, 0.002384644411
62.16216216, 0.002355726376
62.76276276, 0.002325573408
63.36336336, 0.002307477124
63.96396396, 0.002280105973
64.56456456, 0.002250863126
65.16516517, 0.00223054782
65.76576577, 0.002199549051
66.36636637, 0.002175056196
66.96696697, 0.00214897465
67.56756757, 0.002116416134
68.16816817, 0.002097924286
68.76876877, 0.002070787901
69.36936937, 0.002043291327
69.96996997, 0.002016138862
70.57057057, 0.001991047836
71.17117117, 0.001975353885
71.77177177, 0.001949446002
72.37237237, 0.001919061483
72.97297297, 0.001892140568
73.57357357, 0.00187275468
74.17417417, 0.001850194625
74.77477477, 0.001826930272
75.37537538, 0.001795860751
75.97597598, 0.001771872804
76.57657658, 0.001741427182
77.17717718, 0.001716168926
77.77777778, 0.001694805213
78.37837838, 0.001669363646
78.97897898, 0.001645719809
79.57957958, 0.001624542623
80.18018018, 0.001599232911
80.78078078, 0.001574830103
81.38138138, 0.001547105195
81.98198198, 0.001518097113
82.58258258, 0.00149636678
83.18318318, 0.001475122058
83.78378378, 0.001445885642
84.38438438, 0.001422280396
84.98498498, 0.001395459177
85.58558559, 0.001376169767
86.18618619, 0.001350451626
86.78678679, 0.001329969091
87.38738739, 0.001304968112
87.98798799, 0.001283488624
88.58858859, 0.001261034697
89.18918919, 0.001241494441
89.78978979, 0.001219239904
90.39039039, 0.001193248406
90.99099099, 0.001171093564
91.59159159, 0.001150987297
92.19219219, 0.001127156933
92.79279279, 0.001104223825
93.39339339, 0.001080734354
93.99399399, 0.001062605911
94.59459459, 0.001035569221
95.1951952, 0.00101642453
95.7957958, 0.0009935139344
96.3963964, 0.0009698122091
96.996997, 0.0009544527193
97.5975976, 0.0009310114879
98.1981982, 0.0009130695713
98.7987988, 0.0008892874466
99.3993994, 0.000869888694
100, 0.000853818474
100.6006006, 0.0008319852294
101.2012012, 0.0008136413161
101.8018018, 0.0007957797988
102.4024024, 0.0007778443141
103.003003, 0.0007595357765
103.6036036, 0.0007390050012
104.2042042, 0.0007213074986
104.8048048, 0.0007070671676
105.4054054, 0.0006894918719
106.006006, 0.0006716271387
106.6066066, 0.0006558560042
107.2072072, 0.0006402263726
107.8078078, 0.0006249923058
108.4084084, 0.0006078415187
109.009009, 0.0005919031536
109.6096096, 0.000576392513
110.2102102, 0.0005621875577
110.8108108, 0.0005490470897
111.4114114, 0.0005339866854
112.012012, 0.0005191128076
112.6126126, 0.0005085322545
113.2132132, 0.0004943305151
113.8138138, 0.0004810581922
114.4144144, 0.0004698183645
115.015015, 0.0004551728208
115.6156156, 0.000442852426
116.2162162, 0.0004318859561
116.8168168, 0.0004221254763
117.4174174, 0.0004105286756
118.018018, 0.0004010222577
118.6186186, 0.0003897438383
119.2192192, 0.0003793305159
119.8198198, 0.0003695861159
120.4204204, 0.00035911169
121.021021, 0.0003488495183
121.6216216, 0.0003391533579
122.2222222, 0.0003316086839
122.8228228, 0.0003219704111
123.4234234, 0.0003128306141
124.024024, 0.0003023787
124.6246246, 0.0002972074145
125.2252252, 0.0002868455476
125.8258258, 0.0002805293755
126.4264264, 0.0002719202142
127.027027, 0.0002639445997
127.6276276, 0.0002558435623
128.2282282, 0.0002492797602
128.8288288, 0.0002414745923
129.4294294, 0.0002352452515
130.03003, 0.0002274079239
130.6306306, 0.0002225518038
131.2312312, 0.0002155345494
131.8318318, 0.0002100673943
132.4324324, 0.0002022622264
133.033033, 0.0001973321389
133.6336336, 0.0001924631549
134.2342342, 0.0001866776185
134.8348348, 0.000181261919
135.4354354, 0.000175897675
136.036036, 0.0001711991376
136.6366366, 0.0001685491754
137.2372372, 0.0001626542958
137.8378378, 0.0001579525424
138.4384384, 0.0001539518713
139.039039, 0.0001488256094
139.6396396, 0.0001454777809
140.2402402, 0.0001421942719
140.8408408, 0.0001372481045
141.4414414, 0.0001343376484
142.042042, 0.0001300153799
142.6426426, 0.0001263716819
143.2432432, 0.000123554489
143.8438438, 0.0001204832342
144.4444444, 0.0001168813438
145.045045, 0.0001130800631
145.6456456, 0.0001100924236
146.2462462, 0.0001086066438
146.8468468, 0.0001044323101
147.4474474, 0.0001018434514
148.048048, 9.773986908e-05
148.6486486, 9.642131991e-05
149.2492492, 9.52667854e-05
149.8498498, 9.126611426e-05
150.4504505, 8.927221064e-05
151.0510511, 8.744232167e-05
151.6516517, 8.539053053e-05
152.2522523, 8.207486177e-05
152.8528529, 7.965001769e-05
153.4534535, 7.773972938e-05
154.0540541, 7.612209467e-05
154.6546547, 7.417321468e-05
155.2552553, 7.188987344e-05
155.8558559, 6.990883371e-05
156.4564565, 6.823652745e-05
157.0570571, 6.723635966e-05
157.6576577, 6.497231426e-05
158.2582583, 6.352512615e-05
158.8588589, 6.180779626e-05
159.4594595, 6.05857263e-05
160.0600601, 5.829916908e-05
160.6606607, 5.715428249e-05
161.2612613, 5.597402018e-05
161.8618619, 5.510249134e-05
162.4624625, 5.295743696e-05
163.0630631, 5.142663354e-05
163.6636637, 5.090242984e-05
164.2642643, 4.911434853e-05
164.8648649, 4.74870659e-05
165.4654655, 4.781509521e-05
166.0660661, 4.629072373e-05
166.6666667, 4.535165944e-05
167.2672673, 4.391090328e-05
167.8678679, 4.28978716e-05
168.4684685, 4.137350012e-05
169.0690691, 4.016751003e-05
169.6696697, 3.887468865e-05
170.2702703, 3.820255017e-05
170.8708709, 3.749825196e-05
171.4714715, 3.539822121e-05
172.0720721, 3.501873633e-05
172.6726727, 3.48032661e-05
173.2732733, 3.409253593e-05
173.8738739, 3.271931522e-05
174.4744745, 3.149402928e-05
175.0750751, 3.074470744e-05
175.6756757, 2.969308408e-05
176.2762763, 2.947439787e-05
176.8768769, 2.897913794e-05
177.4774775, 2.812047299e-05
178.0780781, 2.683408356e-05
178.6786787, 2.676976409e-05
179.2792793, 2.579854007e-05
179.8798799, 2.536438364e-05
180.4804805, 2.423557691e-05
181.0810811, 2.421949704e-05
181.6816817, 2.301350695e-05
182.2822823, 2.272406933e-05
182.8828829, 2.206479474e-05
183.4834835, 2.201012319e-05
184.0840841, 2.131868887e-05
184.6846847, 2.041821627e-05
185.2852853, 2.009983488e-05
185.8858859, 1.918006644e-05
186.4864865, 1.918328241e-05
187.0870871, 1.86494308e-05
187.6876877, 1.809306737e-05
188.2882883, 1.781327767e-05
188.8888889, 1.747881641e-05
189.4894895, 1.724405034e-05
190.0900901, 1.57518386e-05
190.6906907, 1.579364626e-05
191.2912913, 1.573575873e-05
191.8918919, 1.533697801e-05
192.4924925, 1.484171808e-05
193.0930931, 1.451368877e-05
193.6936937, 1.391230171e-05
194.2942943, 1.373863914e-05
194.8948949, 1.345563346e-05
195.4954955, 1.307936456e-05
196.0960961, 1.264199215e-05
196.6966967, 1.260661644e-05
197.2972973, 1.205668496e-05
197.8978979, 1.186051057e-05
198.4984985, 1.113691651e-05
199.0990991, 1.118837209e-05
199.6996997, 1.126555546e-05
200.3003003, 1.077029552e-05
200.9009009, 1.03715148e-05
201.5015015, 9.882686815e-06
202.1021021, 9.667216585e-06
202.7027027, 9.590033219e-06
203.3033033, 9.50963388e-06
203.9039039, 9.104421209e-06
204.5045045, 8.850359296e-06
205.1051051, 8.847143322e-06
205.7057057, 8.570569594e-06
206.3063063, 8.162140949e-06
206.9069069, 8.056013821e-06
207.5075075, 8.117117319e-06
208.1081081, 7.580049731e-06
208.7087087, 7.518946233e-06
209.3093093, 6.936855015e-06
209.9099099, 7.030118249e-06
210.5105105, 6.821079966e-06
211.1111111, 6.531642344e-06
211.7117117, 6.538074291e-06
212.3123123, 6.390139506e-06
212.9129129, 6.335467955e-06
213.5135135, 6.190749144e-06
214.1141141, 6.062110201e-06
214.7147147, 5.808048288e-06
215.3153153, 5.650465582e-06
215.9159159, 5.515394692e-06
216.5165165, 5.521826639e-06
217.1171171, 5.31600433e-06
217.7177177, 5.261332779e-06
218.3183183, 4.965463209e-06
218.9189189, 4.656729746e-06
219.5195195, 4.563466512e-06
220.1201201, 4.704969349e-06
220.7207207, 4.367292123e-06
221.3213213, 4.476635225e-06
221.9219219, 4.299756678e-06
222.5225225, 4.142173973e-06
223.1231231, 4.119662158e-06
223.7237237, 3.884896086e-06
224.3243243, 3.84308843e-06
224.9249249, 4.087502422e-06
225.5255255, 3.389636155e-06
226.1261261, 3.392852128e-06
226.7267267, 3.63726612e-06
227.3273273, 3.248133317e-06
227.9279279, 3.158086057e-06
228.5285285, 3.203109687e-06
229.1291291, 3.142006189e-06
229.7297297, 2.961911668e-06
230.3303303, 2.968343616e-06
230.9309309, 2.961911668e-06
231.5315315, 2.797897016e-06
232.1321321, 2.762521306e-06
232.7327327, 2.823624804e-06
233.3333333, 2.691769888e-06
233.9339339, 2.479515631e-06
234.5345345, 2.521323288e-06
235.1351351, 2.360524609e-06
235.7357357, 2.476299658e-06
236.3363363, 2.434492001e-06
236.9369369, 2.267261375e-06
237.5375375, 2.20937385e-06
238.1381381, 2.247965533e-06
238.7387387, 2.019631409e-06
239.3393393, 2.173998141e-06
239.9399399, 2.096814775e-06
240.5405405, 1.94887999e-06
241.1411411, 1.871696624e-06
241.7417417, 1.919936228e-06
242.3423423, 1.807377153e-06
242.9429429, 1.755921575e-06
243.5435435, 1.698034051e-06
244.1441441, 1.720545866e-06
244.7447447, 1.710897945e-06
245.3453453, 1.646578474e-06
245.9459459, 1.611202764e-06
246.5465465, 1.488995768e-06
247.1471471, 1.50829161e-06
247.7477477, 1.495427715e-06
248.3483483, 1.649794447e-06
248.9489489, 1.514723557e-06
249.5495495, 1.398948508e-06
250.1501502, 1.366788772e-06
250.7507508, 1.260661644e-06
251.3513514, 1.241365802e-06
251.951952, 1.363572798e-06
252.5525526, 1.379652666e-06
253.1531532, 1.29282138e-06
253.7537538, 1.344276957e-06
254.3543544, 1.119158806e-06
254.954955, 1.025895572e-06
255.5555556, 1.125590753e-06
256.1561562, 1.215638014e-06
256.7567568, 1.096646991e-06
257.3573574, 1.106294912e-06
257.957958, 1.112726859e-06
258.5585586, 1.03232752e-06
259.1591592, 1.029111546e-06
259.7597598, 9.776559687e-07
260.3603604, 9.390642857e-07
260.960961, 9.487122065e-07
261.5615616, 8.683128669e-07
262.1621622, 9.165524707e-07
262.7627628, 7.750496331e-07
263.3633634, 8.039933953e-07
263.963964, 7.975614482e-07
264.5645646, 7.782656067e-07
265.1651652, 8.747448141e-07
265.7657658, 8.715288405e-07
266.3663664, 7.589697652e-07
266.966967, 7.428898973e-07
267.5675676, 7.203780822e-07
268.1681682, 6.817863992e-07
268.7687688, 5.75659271e-07
269.3693694, 6.946502936e-07
269.96997, 7.075141879e-07
270.5705706, 6.367627691e-07
271.1711712, 7.010822407e-07
271.7717718, 6.367627691e-07
272.3723724, 7.203780822e-07
272.972973, 6.206829012e-07
273.5735736, 5.981710861e-07
274.1741742, 5.081238258e-07
274.7747748, 5.370675881e-07
275.3753754, 6.110349804e-07
275.975976, 5.177717466e-07
276.5765766, 4.663161693e-07
277.1771772, 4.405883806e-07
277.7777778, 5.049078523e-07
278.3783784, 4.53452275e-07
278.978979, 4.984759051e-07
279.5795796, 4.245085127e-07
280.1801802, 3.859168298e-07
280.7807808, 4.502363014e-07
281.3813814, 4.180765656e-07
281.981982, 3.859168298e-07
282.5825826, 4.695321429e-07
283.1831832, 3.473251468e-07
283.7837838, 3.441091732e-07
284.3843844, 3.923487769e-07
284.984985, 3.794848826e-07
285.5855856, 3.891328033e-07
286.1861862, 3.183813845e-07
286.7867868, 3.505411204e-07
287.3873874, 3.955647505e-07
287.987988, 3.408931996e-07
288.5885886, 3.087334638e-07
289.1891892, 3.023015166e-07
289.7897898, 2.990855431e-07
290.3903904, 3.473251468e-07
290.990991, 2.733577544e-07
291.5915916, 2.508459393e-07
292.1921922, 2.347660714e-07
292.7927928, 2.76573728e-07
293.3933934, 3.055174902e-07
293.993994, 2.830056752e-07
294.5945946, 2.830056752e-07
295.1951952, 2.894376223e-07
295.7957958, 2.122542564e-07
296.3963964, 2.058223092e-07
296.996997, 1.961743885e-07
297.5975976, 1.99390362e-07
298.1981982, 2.090382828e-07
298.7987988, 1.929584149e-07
299.3993994, 2.186862035e-07
300, 8.213596527e-06
