-88.82908081, 3.215973581e-09
-87.03455393, 9.647920744e-09
-85.24002704, 2.251181507e-08
-83.44550016, 2.251181507e-08
-81.65097327, 4.180765656e-08
-79.85644639, 3.537570939e-08
-78.0619195, 5.467155088e-08
-76.26739262, 4.823960372e-08
-74.47286573, 8.683128669e-08
-72.67833884, 1.029111546e-07
-70.88381196, 1.479347847e-07
-69.08928507, 2.604938601e-07
-67.29475819, 3.441091732e-07
-65.5002313, 4.823960372e-07
-63.70570442, 6.689225049e-07
-61.91117753, 1.016247652e-06
-60.11665065, 1.321765142e-06
-58.32212376, 1.839536888e-06
-56.52759688, 2.611370548e-06
-54.73306999, 3.444307706e-06
-52.93854311, 4.460555357e-06
-51.14401622, 5.695489212e-06
-49.34948934, 7.34528366e-06
-47.55496245, 9.583601272e-06
-45.76043557, 1.27577672e-05
-43.96590868, 1.60927318e-05
-42.1713818, 2.081378102e-05
-40.37685491, 2.596898667e-05
-38.58232803, 3.023015166e-05
-36.78780114, 3.795492021e-05
-34.99327426, 4.702074973e-05
-33.19874737, 5.749195971e-05
-31.40422049, 7.370046656e-05
-29.6096936, 8.593081409e-05
-27.81516672, 9.800357892e-05
-26.02063983, 0.0001121635106
-24.22611295, 0.0001355082628
-22.43158606, 0.0001697069259
-20.63705918, 0.0001935662339
-18.84253229, 0.0002327303602
-17.04800541, 0.0002899232343
-15.25347852, 0.0003551206667
-13.45895164, 0.0004493454767
-11.66442475, 0.0005923759017
-9.869897868, 0.0007686948693
-8.075370983, 0.0009972476798
-6.280844098, 0.001318443041
-4.486317213, 0.001877906669
-2.691790328, 0.003492209632
-0.8972634425, 0.4699401502
0.8972634425, 0.5078653452
2.691790328, 0.003329127612
4.486317213, 0.001752493348
6.280844098, 0.001237104637
8.075370983, 0.0008937029784
9.869897868, 0.0006720194875
11.66442475, 0.0005323690507
13.45895164, 0.0004045598286
15.25347852, 0.0003085501533
17.04800541, 0.0002417479501
18.84253229, 0.0002054299604
20.63705918, 0.0001744826467
22.43158606, 0.0001503628448
24.22611295, 0.0001293175137
26.02063983, 0.0001108095857
27.81516672, 9.156519981e-05
29.6096936, 7.851477901e-05
31.40422049, 7.038158183e-05
33.19874737, 5.971098148e-05
34.99327426, 5.052937691e-05
36.78780114, 3.971727373e-05
38.58232803, 3.222727126e-05
40.37685491, 2.58435637e-05
42.1713818, 1.925403383e-05
43.96590868, 1.424676297e-05
45.76043557, 1.099541367e-05
47.55496245, 8.010990191e-06
49.34948934, 6.013870597e-06
51.14401622, 4.393019912e-06
52.93854311, 3.299588894e-06
54.73306999, 2.41519616e-06
56.52759688, 1.842752862e-06
58.32212376, 1.215638014e-06
60.11665065, 7.364579501e-07
61.91117753, 3.634050147e-07
63.70570442, 2.251181507e-07
65.5002313, 1.286389433e-07
67.29475819, 9.326323386e-08
69.08928507, 5.788752446e-08
70.88381196, 5.788752446e-08
72.67833884, 2.572778865e-08
74.47286573, 3.215973581e-09
76.26739262, 0
78.0619195, 0
79.85644639, 0
81.65097327, 0
83.44550016, 0
85.24002704, 0
87.03455393, 0
88.82908081, 0
