-88.82908081, 0
-87.03455393, 0
-85.24002704, 0
-83.44550016, 0
-81.65097327, 0
-79.85644639, 0
-78.0619195, 0
-76.26739262, 0
-74.47286573, 0
-72.67833884, 0
-70.88381196, 0
-69.08928507, 0
-67.29475819, 6.431947163e-09
-65.5002313, 1.929584149e-08
-63.70570442, 3.537570939e-08
-61.91117753, 4.823960372e-08
-60.11665065, 6.753544521e-08
-58.32212376, 1.318549168e-07
-56.52759688, 9.969518102e-08
-54.73306999, 1.415028376e-07
-52.93854311, 2.604938601e-07
-51.14401622, 3.408931996e-07
-49.34948934, 3.76268909e-07
-47.55496245, 4.245085127e-07
-45.76043557, 4.7596409e-07
-43.96590868, 7.203780822e-07
-42.1713818, 7.686176859e-07
-40.37685491, 1.025895572e-06
-38.58232803, 1.218853987e-06
-36.78780114, 1.653010421e-06
-34.99327426, 2.138622432e-06
-33.19874737, 2.740009491e-06
-31.40422049, 3.753041169e-06
-29.6096936, 4.727481164e-06
-27.81516672, 6.309740166e-06
-26.02063983, 8.673480749e-06
-24.22611295, 1.156142502e-05
-22.43158606, 1.55202885e-05
-20.63705918, 2.127366524e-05
-18.84253229, 2.962554863e-05
-17.04800541, 4.286249589e-05
-15.25347852, 6.23384319e-05
-13.45895164, 9.337579293e-05
-11.66442475, 0.0001431140403
-9.869897868, 0.0002299388951
-8.075370983, 0.0003835916809
-6.280844098, 0.0006955539821
-4.486317213, 0.001414063584
-2.691790328, 0.004006871532
-0.8972634425, 0.4731859455
0.8972634425, 0.5116579911
2.691790328, 0.00399320686
4.486317213, 0.001504467817
6.280844098, 0.0008032858811
8.075370983, 0.0004816756591
9.869897868, 0.0003187544375
11.66442475, 0.0002194001497
13.45895164, 0.0001595637452
15.25347852, 0.0001189813746
17.04800541, 8.899242094e-05
18.84253229, 6.61976002e-05
20.63705918, 5.104071671e-05
22.43158606, 3.98909363e-05
24.22611295, 3.027195932e-05
26.02063983, 2.222559342e-05
27.81516672, 1.694818077e-05
29.6096936, 1.299896522e-05
31.40422049, 1.018498833e-05
33.19874737, 7.834111644e-06
34.99327426, 5.865935812e-06
36.78780114, 4.576330406e-06
38.58232803, 3.540786913e-06
40.37685491, 2.55026705e-06
42.1713818, 2.013199462e-06
43.96590868, 1.534019398e-06
45.76043557, 1.222069961e-06
47.55496245, 9.808719423e-07
49.34948934, 7.654017123e-07
51.14401622, 4.727481164e-07
52.93854311, 2.990855431e-07
54.73306999, 1.704465998e-07
56.52759688, 9.647920744e-08
58.32212376, 6.110349804e-08
60.11665065, 4.823960372e-08
61.91117753, 3.537570939e-08
63.70570442, 2.894376223e-08
65.5002313, 1.929584149e-08
67.29475819, 6.431947163e-09
69.08928507, 6.431947163e-09
70.88381196, 0
72.67833884, 0
74.47286573, 0
76.26739262, 0
78.0619195, 0
79.85644639, 0
81.65097327, 0
83.44550016, 0
85.24002704, 0
87.03455393, 0
88.82908081, 0
