-300, 0
-299.3993994, 0
-298.7987988, 0
-298.1981982, 0
-297.5975976, 0
-296.996997, 0
-296.3963964, 0
-295.7957958, 0
-295.1951952, 0
-294.5945946, 3.215973581e-09
-293.993994, 0
-293.3933934, 0
-292.7927928, 3.215973581e-09
-292.1921922, 0
-291.5915916, 0
-290.990991, 0
-290.3903904, 0
-289.7897898, 3.215973581e-09
-289.1891892, 0
-288.5885886, 0
-287.987988, 0
-287.3873874, 0
-286.7867868, 0
-286.1861862, 0
-285.5855856, 3.215973581e-09
-284.984985, 0
-284.3843844, 3.215973581e-09
-283.7837838, 3.215973581e-09
-283.1831832, 0
-282.5825826, 3.215973581e-09
-281.981982, 3.215973581e-09
-281.3813814, 0
-280.7807808, 0
-280.1801802, 6.431947163e-09
-279.5795796, 0
-278.978979, 0
-278.3783784, 6.431947163e-09
-277.7777778, 3.215973581e-09
-277.1771772, 6.431947163e-09
-276.5765766, 0
-275.975976, 1.607986791e-08
-275.3753754, 3.215973581e-09
-274.7747748, 9.647920744e-09
-274.1741742, 1.607986791e-08
-273.5735736, 3.215973581e-09
-272.972973, 3.215973581e-09
-272.3723724, 6.431947163e-09
-271.7717718, 3.215973581e-09
-271.1711712, 1.286389433e-08
-270.5705706, 9.647920744e-09
-269.96997, 9.647920744e-09
-269.3693694, 1.607986791e-08
-268.7687688, 1.286389433e-08
-268.1681682, 2.894376223e-08
-267.5675676, 2.572778865e-08
-266.966967, 2.251181507e-08
-266.3663664, 3.215973581e-08
-265.7657658, 2.572778865e-08
-265.1651652, 2.251181507e-08
-264.5645646, 2.572778865e-08
-263.963964, 4.823960372e-08
-263.3633634, 2.894376223e-08
-262.7627628, 4.180765656e-08
-262.1621622, 2.894376223e-08
-261.5615616, 4.502363014e-08
-260.960961, 4.180765656e-08
-260.3603604, 5.788752446e-08
-259.7597598, 5.788752446e-08
-259.1591592, 7.718336595e-08
-258.5585586, 8.039933953e-08
-257.957958, 6.110349804e-08
-257.3573574, 5.467155088e-08
-256.7567568, 7.396739237e-08
-256.1561562, 7.396739237e-08
-255.5555556, 7.718336595e-08
-254.954955, 8.361531311e-08
-254.3543544, 9.004726028e-08
-253.7537538, 1.511507583e-07
-253.1531532, 1.061271282e-07
-252.5525526, 1.222069961e-07
-251.951952, 1.222069961e-07
-251.3513514, 1.38286864e-07
-250.7507508, 1.575827055e-07
-250.1501502, 1.736625734e-07
-249.5495495, 1.640146526e-07
-248.9489489, 2.122542564e-07
-248.3483483, 2.219021771e-07
-247.7477477, 1.736625734e-07
-247.1471471, 2.347660714e-07
-246.5465465, 2.122542564e-07
-245.9459459, 2.572778865e-07
-245.3453453, 2.733577544e-07
-244.7447447, 2.411980186e-07
-244.1441441, 3.215973581e-07
-243.5435435, 3.248133317e-07
-242.9429429, 3.37677226e-07
-242.3423423, 4.180765656e-07
-241.7417417, 3.923487769e-07
-241.1411411, 4.116446184e-07
-240.5405405, 4.566682485e-07
-239.9399399, 4.791800636e-07
-239.3393393, 5.242036937e-07
-238.7387387, 5.434995352e-07
-238.1381381, 5.885231654e-07
-237.5375375, 6.078190069e-07
-236.9369369, 7.300260029e-07
-236.3363363, 6.817863992e-07
-235.7357357, 7.589697652e-07
-235.1351351, 7.654017123e-07
-234.5345345, 8.618809198e-07
-233.9339339, 8.490170255e-07
-233.3333333, 1.000167784e-06
-232.7327327, 1.000167784e-06
-232.1321321, 9.808719423e-07
-231.5315315, 1.222069961e-06
-230.9309309, 1.099862965e-06
-230.3303303, 1.215638014e-06
-229.7297297, 1.251013723e-06
-229.1291291, 1.418244349e-06
-228.5285285, 1.370004746e-06
-227.9279279, 1.546883293e-06
-227.3273273, 1.456836032e-06
-226.7267267, 1.675522236e-06
-226.1261261, 1.820241047e-06
-225.5255255, 1.772001443e-06
-224.9249249, 1.807377153e-06
-224.3243243, 2.045359198e-06
-223.7237237, 2.157918273e-06
-223.1231231, 2.186862035e-06
-222.5225225, 2.312285005e-06
-221.9219219, 2.376604477e-06
-221.3213213, 2.588858733e-06
-220.7207207, 2.630666389e-06
-220.1201201, 2.775385201e-06
-219.5195195, 3.096982559e-06
-218.9189189, 3.19667774e-06
-218.3183183, 3.418579917e-06
-217.7177177, 3.489331336e-06
-217.1171171, 3.617970279e-06
-216.5165165, 3.923487769e-06
-215.9159159, 3.791632852e-06
-215.3153153, 4.315836546e-06
-214.7147147, 4.473419252e-06
-214.1141141, 4.778936742e-06
-213.5135135, 4.521658855e-06
-212.9129129, 5.142341756e-06
-212.3123123, 5.396403669e-06
-211.7117117, 5.714785054e-06
-211.1111111, 5.779104526e-06
-210.5105105, 6.210044985e-06
-209.9099099, 6.396571453e-06
-209.3093093, 6.48340274e-06
-208.7087087, 6.805000098e-06
-208.1081081, 6.949718909e-06
-207.5075075, 7.551105969e-06
-206.9069069, 7.654017123e-06
-206.3063063, 7.959534614e-06
-205.7057057, 7.872703327e-06
-205.1051051, 8.483738307e-06
-204.5045045, 8.69277659e-06
-203.9039039, 9.007942001e-06
-203.3033033, 9.313459491e-06
-202.7027027, 9.844095132e-06
-202.1021021, 1.02493078e-05
-201.5015015, 1.060949684e-05
-200.9009009, 1.079923929e-05
-200.3003003, 1.13813305e-05
-199.6996997, 1.146172984e-05
-199.0990991, 1.192483004e-05
-198.4984985, 1.261626436e-05
-197.8978979, 1.291856588e-05
-197.2972973, 1.342990568e-05
-196.6966967, 1.387371003e-05
-196.0960961, 1.45104728e-05
-195.4954955, 1.452333669e-05
-194.8948949, 1.528230646e-05
-194.2942943, 1.584831781e-05
-193.6936937, 1.61409714e-05
-193.0930931, 1.684526962e-05
-192.4924925, 1.720545866e-05
-191.8918919, 1.8015884e-05
-191.2912913, 1.878450169e-05
-190.6906907, 1.872661416e-05
-190.0900901, 1.951131172e-05
-189.4894895, 2.039248848e-05
-188.8888889, 2.115789019e-05
-188.2882883, 2.196188359e-05
-187.6876877, 2.178500504e-05
-187.0870871, 2.303280279e-05
-186.4864865, 2.393005942e-05
-185.8858859, 2.400081084e-05
-185.2852853, 2.553161426e-05
-184.6846847, 2.616516106e-05
-184.0840841, 2.648675842e-05
-183.4834835, 2.745155049e-05
-182.8828829, 2.830378349e-05
-182.2822823, 2.967700421e-05
-181.6816817, 2.991820223e-05
-181.0810811, 3.111776037e-05
-180.4804805, 3.217259971e-05
-179.8798799, 3.284152221e-05
-179.2792793, 3.379023442e-05
-178.6786787, 3.444629303e-05
-178.0780781, 3.60928715e-05
-177.4774775, 3.694832048e-05
-176.8768769, 3.850163571e-05
-176.2762763, 3.901297551e-05
-175.6756757, 4.073352138e-05
-175.0750751, 4.160826619e-05
-174.4744745, 4.384979978e-05
-173.8738739, 4.499468638e-05
-173.2732733, 4.54417067e-05
-172.6726727, 4.650619396e-05
-172.0720721, 4.862552055e-05
-171.4714715, 5.028817889e-05
-170.8708709, 5.127548278e-05
-170.2702703, 5.310858772e-05
-169.6696697, 5.511213926e-05
-169.0690691, 5.600296394e-05
-168.4684685, 5.831203298e-05
-167.8678679, 5.982354056e-05
-167.2672673, 6.089767573e-05
-166.6666667, 6.322604061e-05
-166.0660661, 6.487261908e-05
-165.4654655, 6.613328073e-05
-164.8648649, 6.695335399e-05
-164.2642643, 6.914664797e-05
-163.6636637, 7.188665746e-05
-163.0630631, 7.263597931e-05
-162.4624625, 7.429863765e-05
-161.8618619, 7.771721756e-05
-161.2612613, 7.794876766e-05
-160.6606607, 7.971112119e-05
-160.0600601, 8.227103616e-05
-159.4594595, 8.476341568e-05
-158.8588589, 8.745840154e-05
-158.2582583, 8.938476972e-05
-157.6576577, 9.047498476e-05
-157.0570571, 9.342403254e-05
-156.4564565, 9.54243681e-05
-155.8558559, 9.830909641e-05
-155.2552553, 0.0001008561475
-154.6546547, 0.0001037408758
-154.0540541, 0.0001064744533
-153.4534535, 0.0001085519723
-152.8528529, 0.00011077421
-152.2522523, 0.0001147041297
-151.6516517, 0.0001167334091
-151.0510511, 0.0001193029719
-150.4504505, 0.0001222391558
-149.8498498, 0.0001255805524
-149.2492492, 0.0001292435463
-148.6486486, 0.0001300989953
-148.048048, 0.0001343537283
-147.4474474, 0.0001371387614
-146.8468468, 0.0001408499949
-146.2462462, 0.000144252495
-145.6456456, 0.0001487226983
-145.045045, 0.0001522248935
-144.4444444, 0.00015556629
-143.8438438, 0.0001585507135
-143.2432432, 0.0001621911956
-142.6426426, 0.0001674686083
-142.042042, 0.0001698805885
-141.4414414, 0.000174440839
-140.8408408, 0.0001782581996
-140.2402402, 0.0001836674672
-139.6396396, 0.0001875041237
-139.039039, 0.0001922348208
-138.4384384, 0.0001956630487
-137.8378378, 0.000199882406
-137.2372372, 0.0002043654732
-136.6366366, 0.0002082149935
-136.036036, 0.0002126851968
-135.4354354, 0.0002166408443
-134.8348348, 0.0002228508893
-134.2342342, 0.0002259961115
-133.6336336, 0.0002322833398
-133.033033, 0.0002362679311
-132.4324324, 0.0002405805517
-131.8318318, 0.0002469835551
-131.2312312, 0.0002519747461
-130.6306306, 0.0002563002305
-130.03003, 0.0002633110529
-129.4294294, 0.0002690515658
-128.8288288, 0.0002745669605
-128.2282282, 0.0002801852663
-127.6276276, 0.000286192705
-127.027027, 0.0002922001436
-126.4264264, 0.0002995164835
-125.8258258, 0.0003053148839
-125.2252252, 0.0003099458858
-124.6246246, 0.0003188444847
-124.024024, 0.0003253503993
-123.4234234, 0.0003339724245
-122.8228228, 0.0003390633106
-122.2222222, 0.0003448327673
-121.6216216, 0.0003522069947
-121.021021, 0.0003603434078
-120.4204204, 0.0003679298895
-119.8198198, 0.0003763814681
-119.2192192, 0.0003856048803
-118.6186186, 0.0003914483043
-118.018018, 0.0003994399987
-117.4174174, 0.0004081456391
-116.8168168, 0.000413635306
-116.2162162, 0.0004242383709
-115.6156156, 0.00043214645
-115.015015, 0.000443100056
-114.4144144, 0.0004545842977
-113.8138138, 0.0004618170222
-113.2132132, 0.000470609494
-112.6126126, 0.0004807591066
-112.012012, 0.0004903780836
-111.4114114, 0.0005005759358
-110.8108108, 0.0005099858745
-110.2102102, 0.0005186078997
-109.6096096, 0.0005285774178
-109.009009, 0.0005398654851
-108.4084084, 0.0005524849654
-107.8078078, 0.0005611680941
-107.2072072, 0.0005726555517
-106.6066066, 0.0005849534347
-106.006006, 0.0005942733261
-105.4054054, 0.000602570538
-104.8048048, 0.0006192550089
-104.2042042, 0.0006303501178
-103.6036036, 0.000641403419
-103.003003, 0.0006546146384
-102.4024024, 0.000668671659
-101.8018018, 0.0006801462527
-101.2012012, 0.0006932256173
-100.6006006, 0.0007074563004
-100, 0.0007176380727
-99.3993994, 0.000728437312
-98.7987988, 0.0007435105802
-98.1981982, 0.0007568922462
-97.5975976, 0.0007674824472
-96.996997, 0.0007813400774
-96.3963964, 0.0007962043073
-95.7957958, 0.000811573445
-95.1951952, 0.0008252381168
-94.59459459, 0.0008366290952
-93.99399399, 0.0008525578124
-93.39339339, 0.0008640163262
-92.79279279, 0.0008768898685
-92.19219219, 0.0008935293158
-91.59159159, 0.0009095995358
-90.99099099, 0.000922714276
-90.39039039, 0.0009398393354
-89.78978979, 0.0009560574901
-89.18918919, 0.0009680144799
-88.58858859, 0.0009834897448
-87.98798799, 0.00100185617
-87.38738739, 0.001017212444
-86.78678679, 0.001033385575
-86.18618619, 0.001048793304
-85.58558559, 0.001066487591
-84.98498498, 0.001082496707
-84.38438438, 0.001099972308
-83.78378378, 0.001119567235
-83.18318318, 0.001134775574
-82.58258258, 0.001153415357
-81.98198198, 0.001169996917
-81.38138138, 0.001187257047
-80.78078078, 0.001205202179
-80.18018018, 0.001223021889
-79.57957958, 0.001244141188
-78.97897898, 0.001260754907
-78.37837838, 0.001277423298
-77.77777778, 0.001298192056
-77.17717718, 0.001322231458
-76.57657658, 0.001338983464
-75.97597598, 0.001361601407
-75.37537538, 0.001378591395
-74.77477477, 0.001398105923
-74.17417417, 0.001421560018
-73.57357357, 0.001441859243
-72.97297297, 0.00146321974
-72.37237237, 0.001481367479
-71.77177177, 0.00150413014
-71.17117117, 0.001520026697
-70.57057057, 0.001543284618
-69.96996997, 0.001561351958
-69.36936937, 0.001583188418
-68.76876877, 0.001601390829
-68.16816817, 0.001619631831
-67.56756757, 0.001641982847
-66.96696697, 0.001664311352
-66.36636637, 0.001686086709
-65.76576577, 0.001704308415
-65.16516517, 0.001723816511
-64.56456456, 0.001741202064
-63.96396396, 0.001766338114
-63.36336336, 0.001784707755
-62.76276276, 0.001815101921
-62.16216216, 0.001835249996
-61.56156156, 0.001851352375
-60.96096096, 0.001883148706
-60.36036036, 0.001901663066
-59.75975976, 0.001927882899
-59.15915916, 0.001950783847
-58.55855856, 0.00197574945
-57.95795796, 0.001998801548
-57.35735736, 0.002021158996
-56.75675676, 0.00204439119
-56.15615616, 0.002066156899
-55.55555556, 0.002084095599
-54.95495495, 0.002110337944
-54.35435435, 0.002133023422
-53.75375375, 0.002153933682
-53.15315315, 0.002178973252
-52.55255255, 0.002203286012
-51.95195195, 0.002227817459
-51.35135135, 0.002252104491
-50.75075075, 0.002272593459
-50.15015015, 0.002299945314
-49.54954955, 0.002319678528
-48.94894895, 0.002343631099
-48.34834835, 0.002367979235
-47.74774775, 0.002400518456
-47.14714715, 0.002416296022
-46.54654655, 0.002436739967
-45.94594595, 0.002465995678
-45.34534535, 0.002483037122
-44.74474474, 0.002505069757
-44.14414414, 0.002532521308
-43.54354354, 0.002556965923
-42.94294294, 0.00258123366
-42.34234234, 0.002603816226
-41.74174174, 0.002625649471
-41.14114114, 0.002650148757
-40.54054054, 0.002668827132
-39.93993994, 0.002689666641
-39.33933934, 0.002711821483
-38.73873874, 0.002729544713
-38.13813814, 0.002755368981
-37.53753754, 0.002782183769
-36.93693694, 0.002802766
-36.33633634, 0.002825744131
-35.73573574, 0.002849757806
-35.13513514, 0.002878736944
-34.53453453, 0.0028971902
-33.93393393, 0.00292718237
-33.33333333, 0.002946037623
-32.73273273, 0.002970511182
-32.13213213, 0.002989694464
-31.53153153, 0.003023391435
-30.93093093, 0.003045948274
-30.33033033, 0.003063089413
-29.72972973, 0.003083546221
-29.12912913, 0.003109569879
-28.52852853, 0.003139671392
-27.92792793, 0.00315994489
-27.32732733, 0.003182791166
-26.72672673, 0.003201411653
-26.12612613, 0.003222595271
-25.52552553, 0.003251847767
-24.92492492, 0.003267618901
-24.32432432, 0.003292034572
-23.72372372, 0.003308223783
-23.12312312, 0.003324223252
-22.52252252, 0.00334415264
-21.92192192, 0.003360386875
-21.32132132, 0.003379190672
-20.72072072, 0.003397286956
-20.12012012, 0.003420088208
-19.51951952, 0.003439834286
-18.91891892, 0.003463700026
-18.31831832, 0.003477393642
-17.71771772, 0.003499792898
-17.11711712, 0.003519419984
-16.51651652, 0.003530817395
-15.91591592, 0.003545707353
-15.31531532, 0.003560092402
-14.71471471, 0.003574901961
-14.11411411, 0.003591953053
-13.51351351, 0.003615950648
-12.91291291, 0.003625476361
-12.31231231, 0.003646733947
-11.71171171, 0.003662977829
-11.11111111, 0.003670290953
-10.51051051, 0.003681302447
-9.90990991, 0.003708294113
-9.309309309, 0.003728982471
-8.708708709, 0.00374083655
-8.108108108, 0.003752967202
-7.507507508, 0.003777627287
-6.906906907, 0.003795196151
-6.306306306, 0.003801595938
-5.705705706, 0.003816309018
-5.105105105, 0.003826860627
-4.504504505, 0.003843252444
-3.903903904, 0.003861062506
-3.303303303, 0.003876611738
-2.702702703, 0.003884159628
-2.102102102, 0.003898744068
-1.501501502, 0.003910266902
-0.9009009009, 0.003927031772
-0.3003003003, 0.003929459832
0.3003003003, 0.003941551893
0.9009009009, 0.003922403986
1.501501502, 0.003933611654
2.102102102, 0.003932000451
2.702702703, 0.003930701198
3.303303303, 0.00392192159
3.903903904, 0.003941510085
4.504504505, 0.003939072377
5.105105105, 0.003933219305
5.705705706, 0.003943642276
6.306306306, 0.003955631425
6.906906907, 0.003952119582
7.507507508, 0.003950739929
8.108108108, 0.003946462684
8.708708709, 0.003952048831
9.309309309, 0.003946063904
9.90990991, 0.003942802906
10.51051051, 0.003933019915
11.11111111, 0.003936637885
11.71171171, 0.003926854893
12.31231231, 0.003913251325
12.91291291, 0.003917145869
13.51351351, 0.003914692081
14.11411411, 0.003909405021
14.71471471, 0.003913238461
15.31531532, 0.003904208008
15.91591592, 0.003899663837
16.51651652, 0.00389590758
17.11711712, 0.003892669094
17.71771772, 0.003894203114
18.31831832, 0.003885571441
18.91891892, 0.003893945836
19.51951952, 0.003886581256
20.12012012, 0.003885513553
20.72072072, 0.003873562995
21.32132132, 0.003874582459
21.92192192, 0.003870816554
22.52252252, 0.003869700611
23.12312312, 0.00386030032
23.72372372, 0.003847118045
24.32432432, 0.003833620603
24.92492492, 0.00382913432
25.52552553, 0.003815784814
26.12612613, 0.003802461035
26.72672673, 0.003791500997
27.32732733, 0.003792124896
27.92792793, 0.003782055683
28.52852853, 0.003770806207
29.12912913, 0.003748107866
29.72972973, 0.00373101175
30.33033033, 0.003731629217
30.93093093, 0.003712436287
31.53153153, 0.00369229786
32.13213213, 0.003676050762
32.73273273, 0.003655034374
33.33333333, 0.003648872569
33.93393393, 0.003626145284
34.53453453, 0.003614632098
35.13513514, 0.003599999419
35.73573574, 0.003590824246
36.33633634, 0.003577220678
36.93693694, 0.003562404687
37.53753754, 0.003547791303
38.13813814, 0.003541253229
38.73873874, 0.003522291849
39.33933934, 0.003504414252
39.93993994, 0.003490524462
40.54054054, 0.003469421243
41.14114114, 0.003452508438
41.74174174, 0.003433350884
42.34234234, 0.003416055378
42.94294294, 0.003389462492
43.54354354, 0.003379322527
44.14414414, 0.003356296157
44.74474474, 0.003337035691
45.34534535, 0.003320093942
45.94594595, 0.003297968044
46.54654655, 0.003281968575
47.14714715, 0.003261904116
47.74774775, 0.003245515515
48.34834835, 0.003225515375
48.94894895, 0.003206026575
49.54954955, 0.003178497841
50.15015015, 0.003155506846
50.75075075, 0.003137191876
51.35135135, 0.003106662639
51.95195195, 0.003094570579
52.55255255, 0.003065385618
53.15315315, 0.003038860268
53.75375375, 0.003010739795
54.35435435, 0.002995020116
54.95495495, 0.002978277758
55.55555556, 0.00295780487
56.15615616, 0.002932803891
56.75675676, 0.002912247388
57.35735736, 0.002893852019
57.95795796, 0.002873099342
58.55855856, 0.00284950696
59.15915916, 0.002827676931
59.75975976, 0.002809349098
60.36036036, 0.002781772124
60.96096096, 0.002766354747
61.56156156, 0.002739665382
62.16216216, 0.002725608362
62.76276276, 0.002704196409
63.36336336, 0.0026844439
63.96396396, 0.002658130804
64.56456456, 0.002636374743
65.16516517, 0.00261423598
65.76576577, 0.002589170682
66.36636637, 0.002569051552
66.96696697, 0.002541998782
67.56756757, 0.002519236121
68.16816817, 0.002500258661
68.76876877, 0.00247797518
69.36936937, 0.002454321694
69.96996997, 0.002426368452
70.57057057, 0.002403419264
71.17117117, 0.002373944866
71.77177177, 0.002352282068
72.37237237, 0.002334684261
72.97297297, 0.002314372172
73.57357357, 0.002291326505
74.17417417, 0.002269953145
74.77477477, 0.00224615494
75.37537538, 0.002225283272
75.97597598, 0.002202125046
76.57657658, 0.002184787732
77.17717718, 0.002161169622
77.77777778, 0.002136242611
78.37837838, 0.002116178152
78.97897898, 0.002092826968
79.57957958, 0.00207352791
80.18018018, 0.002054264229
80.78078078, 0.002027182515
81.38138138, 0.002009565412
81.98198198, 0.001986432914
82.58258258, 0.001966339511
83.18318318, 0.001944853591
83.78378378, 0.001924837372
84.38438438, 0.001905985335
84.98498498, 0.001884592678
85.58558559, 0.001865402964
86.18618619, 0.001845463928
86.78678679, 0.00182737086
87.38738739, 0.001807441472
87.98798799, 0.001785338086
88.58858859, 0.001765894309
89.18918919, 0.00174541499
89.78978979, 0.001724800599
90.39039039, 0.001708682139
90.99099099, 0.001690142052
91.59159159, 0.001668074041
92.19219219, 0.001648684936
92.79279279, 0.001628823083
93.39339339, 0.001609028766
93.99399399, 0.001588588038
94.59459459, 0.001571064198
95.1951952, 0.001553167305
95.7957958, 0.001531034975
96.3963964, 0.001511523663
96.996997, 0.001495289428
97.5975976, 0.001475559431
98.1981982, 0.001452960784
98.7987988, 0.001437848924
99.3993994, 0.001421913775
100, 0.001398295665
100.6006006, 0.001379372877
101.2012012, 0.001361209058
101.8018018, 0.001344814025
102.4024024, 0.00132667915
103.003003, 0.001312734688
103.6036036, 0.001293490302
104.2042042, 0.001273782816
104.8048048, 0.001261414182
105.4054054, 0.001234702305
106.006006, 0.001218265464
106.6066066, 0.001205552721
107.2072072, 0.001184340159
107.8078078, 0.001170376402
108.4084084, 0.001152395893
109.009009, 0.001138776245
109.6096096, 0.001121409988
110.2102102, 0.001106330288
110.8108108, 0.001088092501
111.4114114, 0.001071002818
112.012012, 0.001054865062
112.6126126, 0.001038312446
113.2132132, 0.001020483089
113.8138138, 0.00101279048
114.4144144, 0.0009940027624
115.015015, 0.0009739929748
115.6156156, 0.0009633545342
116.2162162, 0.0009422577475
116.8168168, 0.0009322206939
117.4174174, 0.0009155040633
118.018018, 0.0009025758495
118.6186186, 0.0008909661848
119.2192192, 0.0008757031742
119.8198198, 0.0008608485923
120.4204204, 0.0008467851398
121.021021, 0.0008336864794
121.6216216, 0.0008220414391
122.2222222, 0.0008090103141
122.8228228, 0.0007972880904
123.4234234, 0.000785160654
124.024024, 0.0007697400607
124.6246246, 0.0007584809372
125.2252252, 0.0007468294649
125.8258258, 0.0007324444151
126.4264264, 0.0007218895898
127.027027, 0.0007118042966
127.6276276, 0.0006966313333
128.2282282, 0.0006848898137
128.8288288, 0.000675113254
129.4294294, 0.0006640567369
130.03003, 0.0006513343454
130.6306306, 0.0006425418736
131.2312312, 0.0006318873531
131.8318318, 0.0006220947136
132.4324324, 0.0006077128797
133.033033, 0.0005971837822
133.6336336, 0.0005904816933
134.2342342, 0.0005782802895
134.8348348, 0.0005684458423
135.4354354, 0.0005591034391
136.036036, 0.0005493783349
136.6366366, 0.0005388138617
137.2372372, 0.0005274293152
137.8378378, 0.0005195598279
138.4384384, 0.0005108284596
139.039039, 0.0005032612738
139.6396396, 0.0004941729324
140.2402402, 0.0004843352693
140.8408408, 0.0004769063703
141.4414414, 0.0004693391844
142.042042, 0.000455999326
142.6426426, 0.0004498471686
143.2432432, 0.0004430614643
143.8438438, 0.0004322815209
144.4444444, 0.0004254958166
145.045045, 0.0004186168491
145.6456456, 0.0004117443136
146.2462462, 0.0004044955091
146.8468468, 0.0003947446772
147.4474474, 0.0003882451946
148.048048, 0.0003808838311
148.6486486, 0.0003736575385
149.2492492, 0.0003668782662
149.8498498, 0.0003613564395
150.4504505, 0.0003541526587
151.0510511, 0.0003460323254
151.6516517, 0.0003400216708
152.2522523, 0.0003333420936
152.8528529, 0.000326974466
153.4534535, 0.0003216584616
154.0540541, 0.0003158214696
154.6546547, 0.0003068199595
155.2552553, 0.0003033852997
155.8558559, 0.0002961429272
156.4564565, 0.0002914797655
157.0570571, 0.0002850638982
157.6576577, 0.0002802045622
158.2582583, 0.000273647192
158.8588589, 0.0002677169367
159.4594595, 0.0002629798077
160.0600601, 0.0002584227731
160.6606607, 0.0002521580566
161.2612613, 0.0002463950319
161.8618619, 0.0002429603721
162.4624625, 0.0002373870899
163.0630631, 0.0002305338502
163.6636637, 0.0002274593795
164.2642643, 0.0002224263808
164.8648649, 0.0002178854261
165.4654655, 0.0002145086538
166.0660661, 0.0002093888239
166.6666667, 0.0002038444854
167.2672673, 0.000200728207
167.8678679, 0.0001968240151
168.4684685, 0.0001920097027
169.0690691, 0.0001883595727
169.6696697, 0.000184661203
170.2702703, 0.0001810657446
170.8708709, 0.0001783193031
171.4714715, 0.0001731608815
172.0720721, 0.000170063899
172.6726727, 0.0001654907845
173.2732733, 0.0001614418738
173.8738739, 0.0001602262358
174.4744745, 0.0001554312192
175.0750751, 0.0001536367059
175.6756757, 0.0001489671123
176.2762763, 0.0001460084166
176.8768769, 0.0001436125162
177.4774775, 0.0001399109307
178.0780781, 0.0001361418096
178.6786787, 0.0001337973649
179.2792793, 0.000131713414
179.8798799, 0.0001274908407
180.4804805, 0.0001247572631
181.0810811, 0.0001232521875
181.6816817, 0.0001179297512
182.2822823, 0.000116977823
182.8828829, 0.0001138872724
183.4834835, 0.0001126169629
184.0840841, 0.0001087738744
184.6846847, 0.0001073266863
185.2852853, 0.0001055611168
185.8858859, 0.0001025381017
186.4864865, 0.0001001293375
187.0870871, 9.860496598e-05
187.6876877, 9.487765259e-05
188.2882883, 9.279370171e-05
188.8888889, 9.051036047e-05
189.4894895, 8.932688219e-05
190.0900901, 8.767387177e-05
190.6906907, 8.512038875e-05
191.2912913, 8.314578097e-05
191.8918919, 7.995875115e-05
192.4924925, 7.915797373e-05
193.0930931, 7.732165281e-05
193.6936937, 7.535990893e-05
194.2942943, 7.390950484e-05
194.8948949, 7.168405113e-05
195.4954955, 6.89601215e-05
196.0960961, 6.722671174e-05
196.6966967, 6.682793102e-05
197.2972973, 6.483081142e-05
197.8978979, 6.235129579e-05
198.4984985, 6.096521118e-05
199.0990991, 5.942475983e-05
199.6996997, 5.85403671e-05
200.3003003, 5.603190771e-05
200.9009009, 5.571031035e-05
201.5015015, 5.430492989e-05
202.1021021, 5.231424225e-05
202.7027027, 5.166783156e-05
203.3033033, 4.98122148e-05
203.9039039, 4.911434853e-05
204.5045045, 4.829749124e-05
205.1051051, 4.692427052e-05
205.7057057, 4.527447608e-05
206.3063063, 4.415853324e-05
206.9069069, 4.403311027e-05
207.5075075, 4.195559134e-05
208.1081081, 4.201669484e-05
208.7087087, 4.039262818e-05
209.3093093, 3.970119386e-05
209.9099099, 3.878785736e-05
210.5105105, 3.673285025e-05
211.1111111, 3.614754305e-05
211.7117117, 3.636944523e-05
212.3123123, 3.459744379e-05
212.9129129, 3.377093858e-05
213.5135135, 3.346863706e-05
214.1141141, 3.283509026e-05
214.7147147, 3.197964129e-05
215.3153153, 3.087013041e-05
215.9159159, 2.991177028e-05
216.5165165, 2.938113464e-05
217.1171171, 2.866075656e-05
217.7177177, 2.792751458e-05
218.3183183, 2.707849755e-05
218.9189189, 2.672152449e-05
219.5195195, 2.577602825e-05
220.1201201, 2.513283354e-05
220.7207207, 2.452179856e-05
221.3213213, 2.39204115e-05
221.9219219, 2.336726404e-05
222.5225225, 2.253754286e-05
223.1231231, 2.234458444e-05
223.7237237, 2.170782167e-05
224.3243243, 2.101317138e-05
224.9249249, 2.078162128e-05
225.5255255, 1.950809574e-05
226.1261261, 1.926689773e-05
226.7267267, 1.915433865e-05
227.3273273, 1.863335093e-05
227.9279279, 1.822813826e-05
228.5285285, 1.746916849e-05
229.1291291, 1.688064533e-05
229.7297297, 1.637573748e-05
230.3303303, 1.615061933e-05
230.9309309, 1.598017273e-05
231.5315315, 1.591263728e-05
232.1321321, 1.473237498e-05
232.7327327, 1.442364151e-05
233.3333333, 1.390265379e-05
233.9339339, 1.352960086e-05
234.5345345, 1.334629036e-05
235.1351351, 1.290248601e-05
235.7357357, 1.260983241e-05
236.3363363, 1.260983241e-05
236.9369369, 1.144564998e-05
237.5375375, 1.188302238e-05
238.1381381, 1.107902899e-05
238.7387387, 1.098576575e-05
239.3393393, 1.06513045e-05
239.9399399, 1.053231348e-05
240.5405405, 1.042940232e-05
241.1411411, 9.744399951e-06
241.7417417, 9.625408929e-06
242.3423423, 9.310243518e-06
242.9429429, 9.265219888e-06
243.5435435, 8.753880088e-06
244.1441441, 8.599513356e-06
244.7447447, 8.303643787e-06
245.3453453, 8.059229795e-06
245.9459459, 7.95631864e-06
246.5465465, 7.808383855e-06
247.1471471, 7.409603131e-06
247.7477477, 7.059062011e-06
248.3483483, 6.927207094e-06
248.9489489, 7.126597456e-06
249.5495495, 6.943286962e-06
250.1501502, 6.60882571e-06
250.7507508, 6.26793251e-06
251.3513514, 6.309740166e-06
251.951952, 6.049246306e-06
252.5525526, 5.808048288e-06
253.1531532, 5.743728816e-06
253.7537538, 5.422131458e-06
254.3543544, 5.222741096e-06
254.954955, 5.274196673e-06
255.5555556, 5.209877202e-06
256.1561562, 5.123045915e-06
256.7567568, 4.782152715e-06
257.3573574, 4.692105455e-06
257.957958, 4.733913112e-06
258.5585586, 4.399451859e-06
259.1591592, 4.335132388e-06
259.7597598, 4.351212255e-06
260.3603604, 4.142173973e-06
260.960961, 4.158253841e-06
261.5615616, 3.875248165e-06
262.1621622, 3.749825196e-06
262.7627628, 3.595458464e-06
263.3633634, 3.691937671e-06
263.963964, 3.666209883e-06
264.5645646, 3.396068102e-06
265.1651652, 3.389636155e-06
265.7657658, 3.318884736e-06
266.3663664, 3.148438136e-06
266.966967, 3.177381898e-06
267.5675676, 3.077686717e-06
268.1681682, 2.904024144e-06
268.7687688, 2.932967906e-06
269.3693694, 2.862216487e-06
269.96997, 2.67569002e-06
270.5705706, 2.527755235e-06
271.1711712, 2.543835103e-06
271.7717718, 2.624234442e-06
272.3723724, 2.370172529e-06
272.972973, 2.395900318e-06
273.5735736, 2.270477348e-06
274.1741742, 2.354092661e-06
274.7747748, 2.302637084e-06
275.3753754, 2.128974511e-06
275.975976, 2.135406458e-06
276.5765766, 2.058223092e-06
277.1771772, 2.003551541e-06
277.7777778, 1.90385636e-06
278.3783784, 1.871696624e-06
278.978979, 1.842752862e-06
279.5795796, 1.77843339e-06
280.1801802, 1.788081311e-06
280.7807808, 1.579043028e-06
281.3813814, 1.788081311e-06
281.981982, 1.511507583e-06
282.5825826, 1.556531213e-06
283.1831832, 1.51793953e-06
283.7837838, 1.395732534e-06
284.3843844, 1.469699927e-06
284.984985, 1.405380455e-06
285.5855856, 1.469699927e-06
286.1861862, 1.398948508e-06
286.7867868, 1.183478278e-06
287.3873874, 1.283173459e-06
287.987988, 1.234933855e-06
288.5885886, 1.183478278e-06
289.1891892, 1.029111546e-06
289.7897898, 1.186694251e-06
290.3903904, 9.937358366e-07
290.990991, 9.90519863e-07
291.5915916, 9.68008048e-07
292.1921922, 8.811767613e-07
292.7927928, 1.022679599e-06
293.3933934, 9.551441536e-07
293.993994, 9.29416365e-07
294.5945946, 9.262003914e-07
295.1951952, 9.262003914e-07
295.7957958, 9.326323386e-07
296.3963964, 7.557537916e-07
296.996997, 7.300260029e-07
297.5975976, 7.010822407e-07
298.1981982, 7.396739237e-07
298.7987988, 7.010822407e-07
299.3993994, 6.496266634e-07
300, 3.143935773e-05
