-300, 1.24779775e-06
-299.3993994, 2.572778865e-08
-298.7987988, 4.502363014e-08
-298.1981982, 2.251181507e-08
-297.5975976, 5.14555773e-08
-296.996997, 2.572778865e-08
-296.3963964, 2.894376223e-08
-295.7957958, 2.572778865e-08
-295.1951952, 3.215973581e-08
-294.5945946, 2.894376223e-08
-293.993994, 3.537570939e-08
-293.3933934, 1.929584149e-08
-292.7927928, 3.537570939e-08
-292.1921922, 2.894376223e-08
-291.5915916, 6.110349804e-08
-290.990991, 6.110349804e-08
-290.3903904, 8.361531311e-08
-289.7897898, 7.396739237e-08
-289.1891892, 1.189910225e-07
-288.5885886, 8.039933953e-08
-287.987988, 5.788752446e-08
-287.3873874, 6.753544521e-08
-286.7867868, 1.093431018e-07
-286.1861862, 7.396739237e-08
-285.5855856, 1.189910225e-07
-284.984985, 7.396739237e-08
-284.3843844, 9.326323386e-08
-283.7837838, 9.647920744e-08
-283.1831832, 6.110349804e-08
-282.5825826, 5.788752446e-08
-281.981982, 7.396739237e-08
-281.3813814, 8.039933953e-08
-280.7807808, 7.396739237e-08
-280.1801802, 7.075141879e-08
-279.5795796, 6.431947163e-08
-278.978979, 8.361531311e-08
-278.3783784, 9.004726028e-08
-277.7777778, 1.157750489e-07
-277.1771772, 1.38286864e-07
-276.5765766, 1.254229697e-07
-275.975976, 1.254229697e-07
-275.3753754, 1.38286864e-07
-274.7747748, 1.318549168e-07
-274.1741742, 1.189910225e-07
-273.5735736, 1.575827055e-07
-272.972973, 1.865264677e-07
-272.3723724, 1.929584149e-07
-271.7717718, 1.76878547e-07
-271.1711712, 1.511507583e-07
-270.5705706, 1.833104941e-07
-269.96997, 2.058223092e-07
-269.3693694, 1.961743885e-07
-268.7687688, 1.607986791e-07
-268.1681682, 1.961743885e-07
-267.5675676, 2.37982045e-07
-266.966967, 2.058223092e-07
-266.3663664, 2.508459393e-07
-265.7657658, 2.251181507e-07
-265.1651652, 1.929584149e-07
-264.5645646, 1.736625734e-07
-263.963964, 2.347660714e-07
-263.3633634, 2.347660714e-07
-262.7627628, 2.251181507e-07
-262.1621622, 2.701417808e-07
-261.5615616, 2.862216487e-07
-260.960961, 2.862216487e-07
-260.3603604, 2.76573728e-07
-259.7597598, 3.087334638e-07
-259.1591592, 2.862216487e-07
-258.5585586, 3.37677226e-07
-257.957958, 3.569730675e-07
-257.3573574, 3.37677226e-07
-256.7567568, 3.505411204e-07
-256.1561562, 3.698369618e-07
-255.5555556, 3.505411204e-07
-254.954955, 4.245085127e-07
-254.3543544, 3.827008562e-07
-253.7537538, 4.566682485e-07
-253.1531532, 4.405883806e-07
-252.5525526, 4.116446184e-07
-251.951952, 4.14860592e-07
-251.3513514, 4.856120108e-07
-250.7507508, 4.631001957e-07
-250.1501502, 5.049078523e-07
-249.5495495, 4.727481164e-07
-248.9489489, 5.660113503e-07
-248.3483483, 5.274196673e-07
-247.7477477, 5.14555773e-07
-247.1471471, 6.013870597e-07
-246.5465465, 5.049078523e-07
-245.9459459, 6.335467955e-07
-245.3453453, 6.078190069e-07
-244.7447447, 6.367627691e-07
-244.1441441, 7.042982143e-07
-243.5435435, 7.268100294e-07
-242.9429429, 8.361531311e-07
-242.3423423, 8.29721184e-07
-241.7417417, 7.686176859e-07
-241.1411411, 7.396739237e-07
-240.5405405, 7.782656067e-07
-239.9399399, 7.846975538e-07
-239.3393393, 8.458010519e-07
-238.7387387, 7.750496331e-07
-238.1381381, 8.265052104e-07
-237.5375375, 8.29721184e-07
-236.9369369, 1.003383757e-06
-236.3363363, 1.048407387e-06
-235.7357357, 9.133364971e-07
-235.1351351, 1.061271282e-06
-234.5345345, 1.045191414e-06
-233.9339339, 1.148102569e-06
-233.3333333, 1.03232752e-06
-232.7327327, 1.103078938e-06
-232.1321321, 1.148102569e-06
-231.5315315, 1.218853987e-06
-230.9309309, 1.263877617e-06
-230.3303303, 1.193126199e-06
-229.7297297, 1.328197089e-06
-229.1291291, 1.386084614e-06
-228.5285285, 1.582259002e-06
-227.9279279, 1.315333195e-06
-227.3273273, 1.543667319e-06
-226.7267267, 1.595122896e-06
-226.1261261, 1.501859662e-06
-225.5255255, 1.636930553e-06
-224.9249249, 1.669090289e-06
-224.3243243, 1.878128571e-06
-223.7237237, 1.865264677e-06
-223.1231231, 1.99390362e-06
-222.5225225, 1.961743885e-06
-221.9219219, 2.183646062e-06
-221.3213213, 2.112894643e-06
-220.7207207, 2.202941903e-06
-220.1201201, 2.202941903e-06
-219.5195195, 2.238317613e-06
-218.9189189, 2.167566194e-06
-218.3183183, 2.498811473e-06
-217.7177177, 2.444139922e-06
-217.1171171, 2.601722627e-06
-216.5165165, 2.511675367e-06
-215.9159159, 2.714281703e-06
-215.3153153, 2.90080817e-06
-214.7147147, 2.884728302e-06
-214.1141141, 2.830056752e-06
-213.5135135, 3.019799193e-06
-212.9129129, 3.225621502e-06
-212.3123123, 3.135574242e-06
-211.7117117, 3.257781238e-06
-211.1111111, 3.41214797e-06
-210.5105105, 3.569730675e-06
-209.9099099, 3.939567637e-06
-209.3093093, 3.872032192e-06
-208.7087087, 3.945999584e-06
-208.1081081, 4.161469814e-06
-207.5075075, 4.155037867e-06
-206.9069069, 4.470203278e-06
-206.3063063, 4.84004024e-06
-205.7057057, 4.495931067e-06
-205.1051051, 5.05551047e-06
-204.5045045, 5.187365387e-06
-203.9039039, 5.052294496e-06
-203.3033033, 5.129477862e-06
-202.7027027, 5.290276541e-06
-202.1021021, 5.618305846e-06
-201.5015015, 5.910959442e-06
-200.9009009, 5.798400367e-06
-200.3003003, 6.242204721e-06
-199.6996997, 6.476970793e-06
-199.0990991, 6.332251982e-06
-198.4984985, 6.86931957e-06
-197.8978979, 6.554154159e-06
-197.2972973, 7.319555871e-06
-196.6966967, 7.483570524e-06
-196.0960961, 7.994910323e-06
-195.4954955, 7.991694349e-06
-194.8948949, 8.220028474e-06
-194.2942943, 8.310075734e-06
-193.6936937, 8.792471771e-06
-193.0930931, 9.069045499e-06
-192.4924925, 9.233060152e-06
-191.8918919, 9.236276125e-06
-191.2912913, 1.002097368e-05
-190.6906907, 9.969518102e-06
-190.0900901, 1.064165658e-05
-189.4894895, 1.125269156e-05
-188.8888889, 1.151961737e-05
-188.2882883, 1.170292786e-05
-187.6876877, 1.209527664e-05
-187.0870871, 1.233004271e-05
-186.4864865, 1.249084139e-05
-185.8858859, 1.363894396e-05
-185.2852853, 1.377723082e-05
-184.6846847, 1.419852336e-05
-184.0840841, 1.473880692e-05
-183.4834835, 1.492854936e-05
-182.8828829, 1.554923227e-05
-182.2822823, 1.588690949e-05
-181.6816817, 1.658477576e-05
-181.0810811, 1.724405034e-05
-180.4804805, 1.782292559e-05
-179.8798799, 1.826994592e-05
-179.2792793, 1.870731832e-05
-178.6786787, 2.008375502e-05
-178.0780781, 2.01834502e-05
-177.4774775, 2.074946155e-05
-176.8768769, 2.119648187e-05
-176.2762763, 2.185897243e-05
-175.6756757, 2.271120543e-05
-175.0750751, 2.353449467e-05
-174.4744745, 2.380785242e-05
-173.8738739, 2.505886615e-05
-173.2732733, 2.543191908e-05
-172.6726727, 2.681478772e-05
-172.0720721, 2.744190257e-05
-171.4714715, 2.798861808e-05
-170.8708709, 2.918496025e-05
-170.2702703, 2.985066678e-05
-169.6696697, 3.069968381e-05
-169.0690691, 3.208255245e-05
-168.4684685, 3.287368195e-05
-167.8678679, 3.384812194e-05
-167.2672673, 3.479361818e-05
-166.6666667, 3.606714371e-05
-166.0660661, 3.708982331e-05
-165.4654655, 3.831832522e-05
-164.8648649, 3.968511399e-05
-164.2642643, 4.040549208e-05
-163.6636637, 4.185589616e-05
-163.0630631, 4.281747226e-05
-162.4624625, 4.458304176e-05
-161.8618619, 4.558320954e-05
-161.2612613, 4.71461727e-05
-160.6606607, 4.866732821e-05
-160.0600601, 5.026566708e-05
-159.4594595, 5.151024885e-05
-158.8588589, 5.357811986e-05
-158.2582583, 5.488380514e-05
-157.6576577, 5.666867048e-05
-157.0570571, 5.867865396e-05
-156.4564565, 6.034774425e-05
-155.8558559, 6.182387613e-05
-155.2552553, 6.451886199e-05
-154.6546547, 6.572806805e-05
-154.0540541, 6.75000695e-05
-153.4534535, 7.04459013e-05
-152.8528529, 7.211177561e-05
-152.2522523, 7.567507434e-05
-151.6516517, 7.619606206e-05
-151.0510511, 7.87109534e-05
-150.4504505, 8.148312263e-05
-149.8498498, 8.369892843e-05
-149.2492492, 8.634245871e-05
-148.6486486, 8.946195308e-05
-148.048048, 9.36716625e-05
-147.4474474, 9.56559182e-05
-146.8468468, 9.881400426e-05
-146.2462462, 0.0001020235459
-145.6456456, 0.0001042682955
-145.045045, 0.0001083075583
-144.4444444, 0.0001113016297
-143.8438438, 0.0001154534516
-143.2432432, 0.0001190296142
-142.6426426, 0.0001224835698
-142.042042, 0.0001265164007
-141.4414414, 0.0001313114173
-140.8408408, 0.0001348843639
-140.2402402, 0.0001391262331
-139.6396396, 0.0001452333669
-139.039039, 0.0001494237805
-138.4384384, 0.0001536592177
-137.8378378, 0.0001584574503
-137.2372372, 0.0001624999291
-136.6366366, 0.0001689125804
-136.036036, 0.000175045442
-135.4354354, 0.0001798501066
-134.8348348, 0.0001858189535
-134.2342342, 0.0001930163024
-133.6336336, 0.0001978852864
-133.033033, 0.0002038477014
-132.4324324, 0.0002113859435
-131.8318318, 0.0002191750315
-131.2312312, 0.0002258899843
-130.6306306, 0.0002341228767
-130.03003, 0.000238962917
-129.4294294, 0.0002469160196
-128.8288288, 0.0002567536828
-128.2282282, 0.0002653564121
-127.6276276, 0.000272917166
-127.027027, 0.0002803524969
-126.4264264, 0.0002888008595
-125.8258258, 0.0002986835464
-125.2252252, 0.0003073409472
-124.6246246, 0.0003171496667
-124.024024, 0.0003292127836
-123.4234234, 0.0003400602625
-122.8228228, 0.0003464954256
-122.2222222, 0.0003594493672
-121.6216216, 0.0003702871981
-121.021021, 0.0003777064492
-120.4204204, 0.0003924870638
-119.8198198, 0.0004053766859
-119.2192192, 0.0004135806345
-118.6186186, 0.0004258624376
-118.018018, 0.0004366745408
-117.4174174, 0.000450400316
-116.8168168, 0.0004615886881
-116.2162162, 0.000474266056
-115.6156156, 0.0004881301181
-115.015015, 0.0004999552529
-114.4144144, 0.0005134269663
-113.8138138, 0.0005259628313
-113.2132132, 0.0005395792634
-112.6126126, 0.0005535880444
-112.012012, 0.0005675196419
-111.4114114, 0.0005835962938
-110.8108108, 0.0005984026362
-110.2102102, 0.0006132411383
-109.6096096, 0.0006277516111
-109.009009, 0.000640309988
-108.4084084, 0.0006596476371
-107.8078078, 0.0006758046884
-107.2072072, 0.0006917301895
-106.6066066, 0.0007051793911
-106.006006, 0.0007216451758
-105.4054054, 0.0007322836164
-104.8048048, 0.0007491417499
-104.2042042, 0.0007648678607
-103.6036036, 0.0007834947797
-103.003003, 0.0008012758976
-102.4024024, 0.0008176387712
-101.8018018, 0.0008361306193
-101.2012012, 0.0008514386536
-100.6006006, 0.0008726737271
-100, 0.0008888950979
-99.3993994, 0.0009085800722
-98.7987988, 0.0009258594982
-98.1981982, 0.0009478278137
-97.5975976, 0.0009648692577
-96.996997, 0.0009864645203
-96.3963964, 0.001005872921
-95.7957958, 0.001023885589
-95.1951952, 0.001046725433
-94.59459459, 0.001064104555
-93.99399399, 0.00108559369
-93.39339339, 0.00110777426
-92.79279279, 0.001128083133
-92.19219219, 0.001148713603
-91.59159159, 0.001169565976
-90.99099099, 0.001189196279
-90.39039039, 0.001208498552
-89.78978979, 0.001229006816
-89.18918919, 0.001248904044
-88.58858859, 0.001268801273
-87.98798799, 0.00129231004
-87.38738739, 0.001312204052
-86.78678679, 0.001332011234
-86.18618619, 0.001356430121
-85.58558559, 0.001372866962
-84.98498498, 0.001393561752
-84.38438438, 0.001407203912
-83.78378378, 0.001435414432
-83.18318318, 0.001451101951
-82.58258258, 0.001473340409
-81.98198198, 0.001499901135
-81.38138138, 0.001517958826
-80.78078078, 0.001541145996
-80.18018018, 0.001563747858
-79.57957958, 0.001588105642
-78.97897898, 0.001612456994
-78.37837838, 0.001637393653
-77.77777778, 0.001661529535
-77.17717718, 0.001686347203
-76.57657658, 0.001715220214
-75.97597598, 0.001740780772
-75.37537538, 0.001767145323
-74.77477477, 0.001793474499
-74.17417417, 0.001814921827
-73.57357357, 0.001839614072
-72.97297297, 0.001861627411
-72.37237237, 0.001891497374
-71.77177177, 0.001913758343
-71.17117117, 0.001941837008
-70.57057057, 0.001967252847
-69.96996997, 0.001993331177
-69.36936937, 0.002020416107
-68.76876877, 0.002047031504
-68.16816817, 0.002073740165
-67.56756757, 0.002097499777
-66.96696697, 0.002124745506
-66.36636637, 0.002154834154
-65.76576577, 0.002180372201
-65.16516517, 0.002206315459
-64.56456456, 0.002232091488
-63.96396396, 0.002254194874
-63.36336336, 0.002284309251
-62.76276276, 0.002302794667
-62.16216216, 0.002339688316
-61.56156156, 0.002369487527
-60.96096096, 0.002400872213
-60.36036036, 0.002430777552
-59.75975976, 0.002451829315
-59.15915916, 0.002486468566
-58.55855856, 0.002508752047
-57.95795796, 0.002541143333
-57.35735736, 0.002570116039
-56.75675676, 0.002599657972
-56.15615616, 0.002631534702
-55.55555556, 0.002663942068
-54.95495495, 0.002688402763
-54.35435435, 0.00271483485
-53.75375375, 0.002741668934
-53.15315315, 0.00277297322
-52.55255255, 0.002788840834
-51.95195195, 0.002828551676
-51.35135135, 0.002859351055
-50.75075075, 0.002889558695
-50.15015015, 0.002915659536
-49.54954955, 0.002946282037
-48.94894895, 0.00296538492
-48.34834835, 0.002996721366
-47.74774775, 0.003025639401
-47.14714715, 0.003052881913
-46.54654655, 0.003089064832
-45.94594595, 0.003110161618
-45.34534535, 0.003135950511
-44.74474474, 0.003160652404
-44.14414414, 0.003188332288
-43.54354354, 0.003216603912
-42.94294294, 0.003240517892
-42.34234234, 0.003272040865
-41.74174174, 0.003292462297
-41.14114114, 0.00332035122
-40.54054054, 0.00335508695
-39.93993994, 0.003381338943
-39.33933934, 0.003403461625
-38.73873874, 0.003425938064
-38.13813814, 0.003462018072
-37.53753754, 0.003489620773
-36.93693694, 0.003503497699
-36.33633634, 0.003528781684
-35.73573574, 0.003562803468
-35.13513514, 0.00358550181
-34.53453453, 0.00361909587
-33.93393393, 0.003646251551
-33.33333333, 0.003664235275
-32.73273273, 0.003684180743
-32.13213213, 0.003696616913
-31.53153153, 0.00372648366
-30.93093093, 0.003744985156
-30.33033033, 0.003762843457
-29.72972973, 0.00378169871
-29.12912913, 0.003806442411
-28.52852853, 0.003822982163
-27.92792793, 0.003838933392
-27.32732733, 0.003854376497
-26.72672673, 0.003869420821
-26.12612613, 0.003881429267
-25.52552553, 0.003905050593
-24.92492492, 0.003927935461
-24.32432432, 0.003942230463
-23.72372372, 0.003943668003
-23.12312312, 0.003961304402
-22.52252252, 0.003981680811
-21.92192192, 0.003992563666
-21.32132132, 0.003998895918
-20.72072072, 0.00402225675
-20.12012012, 0.00403201723
-19.51951952, 0.004046350824
-18.91891892, 0.004048585925
-18.31831832, 0.004066164437
-17.71771772, 0.004069000926
-17.11711712, 0.004086772396
-16.51651652, 0.004097970416
-15.91591592, 0.004116266089
-15.31531532, 0.004118253561
-14.71471471, 0.004134458852
-14.11411411, 0.004134552115
-13.51351351, 0.004146541265
-12.91291291, 0.004154320705
-12.31231231, 0.004156774493
-11.71171171, 0.004168860121
-11.11111111, 0.004189091811
-10.51051051, 0.004190313881
-9.90990991, 0.004190728742
-9.309309309, 0.004201216032
-8.708708709, 0.004194063706
-8.108108108, 0.004203534749
-7.507507508, 0.004208458404
-6.906906907, 0.004219926566
-6.306306306, 0.004219839735
-5.705705706, 0.004218891022
-5.105105105, 0.004210127494
-4.504504505, 0.004208384437
-3.903903904, 0.004214893567
-3.303303303, 0.004209596859
-2.702702703, 0.004210223974
-2.102102102, 0.00420485973
-1.501501502, 0.004203447917
-0.9009009009, 0.004193655278
-0.3003003003, 0.00418950024
0.3003003003, 0.00418533877
0.9009009009, 0.004185879054
1.501501502, 0.004181151572
2.102102102, 0.004182891414
2.702702703, 0.00418730373
3.303303303, 0.004193089266
3.903903904, 0.004193513775
4.504504505, 0.004192793397
5.105105105, 0.004175713361
5.705705706, 0.004184470457
6.306306306, 0.004180463354
6.906906907, 0.004172799689
7.507507508, 0.004174320845
8.108108108, 0.00417874924
8.708708709, 0.004168361646
9.309309309, 0.004160115889
9.90990991, 0.004159710677
10.51051051, 0.004148512657
11.11111111, 0.004148850334
11.71171171, 0.004135362541
12.31231231, 0.004136086135
12.91291291, 0.004133641995
13.51351351, 0.00413370953
14.11411411, 0.004125270816
14.71471471, 0.004116484776
15.31531532, 0.004122273528
15.91591592, 0.004122183481
16.51651652, 0.004115629327
17.11711712, 0.00412089066
17.71771772, 0.00411114626
18.31831832, 0.004103344308
18.91891892, 0.00410457281
19.51951952, 0.004092284575
20.12012012, 0.004068245172
20.72072072, 0.00405434895
21.32132132, 0.004041742334
21.92192192, 0.004020253198
22.52252252, 0.004007064491
23.12312312, 0.003999584136
23.72372372, 0.003967922876
24.32432432, 0.003948366541
24.92492492, 0.003920808863
25.52552553, 0.003907713419
26.12612613, 0.003882792839
26.72672673, 0.003864632237
27.32732733, 0.003842718593
27.92792793, 0.003818161418
28.52852853, 0.003798685482
29.12912913, 0.003783531815
29.72972973, 0.003760164551
30.33033033, 0.003741939629
30.93093093, 0.003717176632
31.53153153, 0.003685959176
32.13213213, 0.003658928918
32.73273273, 0.003634699773
33.33333333, 0.003608180855
33.93393393, 0.003575451892
34.53453453, 0.003554737806
35.13513514, 0.003518397305
35.73573574, 0.003495293751
36.33633634, 0.003476805119
36.93693694, 0.003443278594
37.53753754, 0.003418821115
38.13813814, 0.003381232816
38.73873874, 0.003353704082
39.33933934, 0.003323014046
39.93993994, 0.003303679613
40.54054054, 0.003268895643
41.14114114, 0.003233330191
41.74174174, 0.003209191093
42.34234234, 0.00318908161
42.94294294, 0.00316738022
43.54354354, 0.003142221659
44.14414414, 0.003115445463
44.74474474, 0.003098545522
45.34534535, 0.003074026939
45.94594595, 0.003043697092
46.54654655, 0.003012962033
47.14714715, 0.002978055856
47.74774775, 0.002959856661
48.34834835, 0.002935534253
48.94894895, 0.002909986559
49.54954955, 0.002882174819
50.15015015, 0.002854211929
50.75075075, 0.002831011896
51.35135135, 0.002810056612
51.95195195, 0.002778183098
52.55255255, 0.002761707665
53.15315315, 0.002734320434
53.75375375, 0.00272063325
54.35435435, 0.002693654448
54.95495495, 0.002666350832
55.55555556, 0.002648614738
56.15615616, 0.002621407602
56.75675676, 0.002594473823
57.35735736, 0.00256293477
57.95795796, 0.002540950374
58.55855856, 0.002517856468
59.15915916, 0.002491099568
59.75975976, 0.002466195069
60.36036036, 0.002436637055
60.96096096, 0.002407509983
61.56156156, 0.002378373262
62.16216216, 0.002356118725
62.76276276, 0.002330384504
63.36336336, 0.002307136231
63.96396396, 0.002277845144
64.56456456, 0.002252908485
65.16516517, 0.002226675788
65.76576577, 0.002203167021
66.36636637, 0.002173358162
66.96696697, 0.002147926243
67.56756757, 0.002117969449
68.16816817, 0.002097072053
68.76876877, 0.002069874564
69.36936937, 0.002042423014
69.96996997, 0.002017959103
70.57057057, 0.001992893805
71.17117117, 0.001976006727
71.77177177, 0.00194276964
72.37237237, 0.001924168449
72.97297297, 0.001892561861
73.57357357, 0.001870667513
74.17417417, 0.001851911955
74.77477477, 0.001824219206
75.37537538, 0.001797069957
75.97597598, 0.001770152258
76.57657658, 0.001745501821
77.17717718, 0.001717889472
77.77777778, 0.00169203626
78.37837838, 0.001669746347
78.97897898, 0.001647511106
79.57957958, 0.001619175163
80.18018018, 0.001600538596
80.78078078, 0.001575772383
81.38138138, 0.001545944228
81.98198198, 0.001521367758
82.58258258, 0.001494507947
83.18318318, 0.001473317897
83.78378378, 0.001448030697
84.38438438, 0.001421080838
84.98498498, 0.001395571736
85.58558559, 0.001375716315
86.18618619, 0.001349419299
86.78678679, 0.001327521735
87.38738739, 0.001306830161
87.98798799, 0.001282806838
88.58858859, 0.001262288926
89.18918919, 0.001243456185
89.78978979, 0.00121554475
90.39039039, 0.001196486891
90.99099099, 0.001171569528
91.59159159, 0.001148765059
92.19219219, 0.001124937911
92.79279279, 0.001107597381
93.39339339, 0.001081625179
93.99399399, 0.001060708486
94.59459459, 0.001037807539
95.1951952, 0.001015784551
95.7957958, 0.0009954981901
96.3963964, 0.0009698186411
96.996997, 0.0009508540449
97.5975976, 0.0009332948291
98.1981982, 0.0009082102352
98.7987988, 0.0008903036943
99.3993994, 0.0008701105962
100, 0.0008540853998
100.6006006, 0.0008327409832
101.2012012, 0.0008129820415
101.8018018, 0.0007951558999
102.4024024, 0.0007783202782
103.003003, 0.0007573971541
103.6036036, 0.0007391561519
104.2042042, 0.0007234847127
104.8048048, 0.0007042660546
105.4054054, 0.0006888229494
106.006006, 0.0006732705012
106.6066066, 0.0006563416163
107.2072072, 0.0006391104298
107.8078078, 0.0006259603138
108.4084084, 0.0006069828537
109.009009, 0.0005912117193
109.6096096, 0.0005764664804
110.2102102, 0.0005626731697
110.8108108, 0.0005473844313
111.4114114, 0.0005345334009
112.012012, 0.0005206982825
112.6126126, 0.0005084936628
113.2132132, 0.000494960846
113.8138138, 0.0004795402526
114.4144144, 0.0004677923012
115.015015, 0.0004540472301
115.6156156, 0.0004455795716
116.2162162, 0.0004308600606
116.8168168, 0.0004212153558
117.4174174, 0.0004100205517
118.018018, 0.0004008839708
118.6186186, 0.0003909884201
119.2192192, 0.000380047678
119.8198198, 0.0003686470516
120.4204204, 0.0003597066451
121.021021, 0.0003489878051
121.6216216, 0.0003397258012
122.2222222, 0.0003292352954
122.8228228, 0.0003233500637
123.4234234, 0.0003126151439
124.024024, 0.000301886656
124.6246246, 0.0002968761692
125.2252252, 0.0002876270292
125.8258258, 0.0002802881775
126.4264264, 0.0002711258687
127.027027, 0.0002636487302
127.6276276, 0.0002560172249
128.2282282, 0.0002493858873
128.8288288, 0.0002422303461
129.4294294, 0.000235065157
130.03003, 0.0002262823331
130.6306306, 0.0002216191714
131.2312312, 0.000215344807
131.8318318, 0.0002100513145
132.4324324, 0.0002036869027
133.033033, 0.0001960586134
133.6336336, 0.0001932928761
134.2342342, 0.0001872886535
134.8348348, 0.0001816832115
135.4354354, 0.0001739359311
136.036036, 0.0001712120015
136.6366366, 0.0001681986343
137.2372372, 0.0001644520251
137.8378378, 0.0001575441138
138.4384384, 0.0001538232324
139.039039, 0.0001490057039
139.6396396, 0.000144985737
140.2402402, 0.0001412937993
140.8408408, 0.0001370776579
141.4414414, 0.0001346206541
142.042042, 0.0001305202878
142.6426426, 0.0001266997112
143.2432432, 0.0001227569276
143.8438438, 0.00012002335
144.4444444, 0.0001166948174
145.045045, 0.00011369753
145.6456456, 0.0001106938107
146.2462462, 0.0001075807482
146.8468468, 0.0001047346116
147.4474474, 0.0001013031678
148.048048, 9.88815397e-05
148.6486486, 9.598716348e-05
149.2492492, 9.362985484e-05
149.8498498, 9.185463743e-05
150.4504505, 9.01662513e-05
151.0510511, 8.657079283e-05
151.6516517, 8.527153951e-05
152.2522523, 8.160532962e-05
152.8528529, 7.985262402e-05
153.4534535, 7.912902997e-05
154.0540541, 7.56557785e-05
154.6546547, 7.403492781e-05
155.2552553, 7.190273733e-05
155.8558559, 7.014038381e-05
156.4564565, 6.858706857e-05
157.0570571, 6.636161485e-05
157.6576577, 6.526818383e-05
158.2582583, 6.310704959e-05
158.8588589, 6.157624616e-05
159.4594595, 6.05857263e-05
160.0600601, 5.841172816e-05
160.6606607, 5.710282691e-05
161.2612613, 5.613481886e-05
161.8618619, 5.454612791e-05
162.4624625, 5.361992752e-05
163.0630631, 5.119508344e-05
163.6636637, 5.081881453e-05
164.2642643, 4.888601441e-05
164.8648649, 4.822673982e-05
165.4654655, 4.731340333e-05
166.0660661, 4.634539528e-05
166.6666667, 4.522945245e-05
167.2672673, 4.419390895e-05
167.8678679, 4.256019437e-05
168.4684685, 4.095542356e-05
169.0690691, 3.998098356e-05
169.6696697, 3.927346937e-05
170.2702703, 3.857560311e-05
170.8708709, 3.709947123e-05
171.4714715, 3.602855203e-05
172.0720721, 3.522777461e-05
172.6726727, 3.47292987e-05
173.2732733, 3.329497449e-05
173.8738739, 3.279328261e-05
174.4744745, 3.179311482e-05
175.0750751, 3.074149146e-05
175.6756757, 2.971881186e-05
176.2762763, 2.971881186e-05
176.8768769, 2.866397253e-05
177.4774775, 2.773777214e-05
178.0780781, 2.707849755e-05
178.6786787, 2.69273468e-05
179.2792793, 2.580175604e-05
179.8798799, 2.530328014e-05
180.4804805, 2.455395829e-05
181.0810811, 2.339942378e-05
181.6816817, 2.337369599e-05
182.2822823, 2.267582972e-05
182.8828829, 2.19972593e-05
183.4834835, 2.201333916e-05
184.0840841, 2.158883065e-05
184.6846847, 2.025098564e-05
185.2852853, 2.001621957e-05
185.8858859, 1.943091238e-05
186.4864865, 1.951452769e-05
187.0870871, 1.822170631e-05
187.6876877, 1.817025073e-05
188.2882883, 1.772644638e-05
188.8888889, 1.74563046e-05
189.4894895, 1.673592652e-05
190.0900901, 1.625353048e-05
190.6906907, 1.578721431e-05
191.2912913, 1.540129748e-05
191.8918919, 1.522763491e-05
192.4924925, 1.497357299e-05
193.0930931, 1.43400262e-05
193.6936937, 1.419209141e-05
194.2942943, 1.379974264e-05
194.8948949, 1.336237023e-05
195.4954955, 1.287675822e-05
196.0960961, 1.264199215e-05
196.6966967, 1.259696852e-05
197.2972973, 1.211135651e-05
197.8978979, 1.181870291e-05
198.4984985, 1.151640139e-05
199.0990991, 1.126555546e-05
199.6996997, 1.118837209e-05
200.3003003, 1.0590201e-05
200.9009009, 1.026860364e-05
201.5015015, 1.004991744e-05
202.1021021, 9.705808268e-06
202.7027027, 9.483906091e-06
203.3033033, 9.42923454e-06
203.9039039, 9.220196257e-06
204.5045045, 8.876087084e-06
205.1051051, 8.577001541e-06
205.7057057, 8.712072432e-06
206.3063063, 8.371179232e-06
206.9069069, 8.146061081e-06
207.5075075, 8.110685372e-06
208.1081081, 7.583265705e-06
208.7087087, 7.075141879e-06
209.3093093, 7.178053033e-06
209.9099099, 6.927207094e-06
210.5105105, 6.846807755e-06
211.1111111, 6.621689604e-06
211.7117117, 6.60882571e-06
212.3123123, 6.444811057e-06
212.9129129, 6.193965118e-06
213.5135135, 6.242204721e-06
214.1141141, 5.981710861e-06
214.7147147, 5.698705186e-06
215.3153153, 5.672977397e-06
215.9159159, 5.537906507e-06
216.5165165, 5.457507167e-06
217.1171171, 5.40605159e-06
217.7177177, 5.28062862e-06
218.3183183, 4.987975025e-06
218.9189189, 4.679241561e-06
219.5195195, 4.769288821e-06
220.1201201, 4.450907436e-06
220.7207207, 4.438043542e-06
221.3213213, 4.412315753e-06
221.9219219, 4.331916414e-06
222.5225225, 4.251517074e-06
223.1231231, 3.965295426e-06
223.7237237, 3.945999584e-06
224.3243243, 3.743393249e-06
224.9249249, 3.855952324e-06
225.5255255, 3.479683415e-06
226.1261261, 3.595458464e-06
226.7267267, 3.360692392e-06
227.3273273, 3.466819521e-06
227.9279279, 3.16130203e-06
228.5285285, 3.183813845e-06
229.1291291, 3.074470744e-06
229.7297297, 3.077686717e-06
230.3303303, 2.971559589e-06
230.9309309, 2.881512329e-06
231.5315315, 2.849352593e-06
232.1321321, 2.81076091e-06
232.7327327, 2.846136619e-06
233.3333333, 2.672474046e-06
233.9339339, 2.511675367e-06
234.5345345, 2.473083684e-06
235.1351351, 2.383036424e-06
235.7357357, 2.37982045e-06
236.3363363, 2.341228767e-06
236.9369369, 2.440923948e-06
237.5375375, 2.206157877e-06
238.1381381, 2.180430088e-06
238.7387387, 2.145054379e-06
239.3393393, 2.096814775e-06
239.9399399, 2.009983488e-06
240.5405405, 1.990687647e-06
241.1411411, 1.94887999e-06
241.7417417, 1.833104941e-06
242.3423423, 1.936016096e-06
242.9429429, 1.691602104e-06
243.5435435, 1.685170157e-06
244.1441441, 1.717329892e-06
244.7447447, 1.710897945e-06
245.3453453, 1.691602104e-06
245.9459459, 1.540451345e-06
246.5465465, 1.624066659e-06
247.1471471, 1.450404085e-06
247.7477477, 1.51793953e-06
248.3483483, 1.492211742e-06
248.9489489, 1.495427715e-06
249.5495495, 1.55331524e-06
250.1501502, 1.353924878e-06
250.7507508, 1.270309565e-06
251.3513514, 1.328197089e-06
251.951952, 1.263877617e-06
252.5525526, 1.305685274e-06
253.1531532, 1.312117221e-06
253.7537538, 1.189910225e-06
254.3543544, 1.21242204e-06
254.954955, 1.128806727e-06
255.5555556, 1.141670621e-06
256.1561562, 1.157750489e-06
256.7567568, 1.132022701e-06
257.3573574, 1.07735115e-06
257.957958, 1.144886595e-06
258.5585586, 1.058055308e-06
259.1591592, 9.969518102e-07
259.7597598, 9.744399951e-07
260.3603604, 9.262003914e-07
260.960961, 8.843927348e-07
261.5615616, 9.390642857e-07
262.1621622, 9.197684442e-07
262.7627628, 7.879135274e-07
263.3633634, 7.782656067e-07
263.963964, 7.879135274e-07
264.5645646, 8.425850783e-07
265.1651652, 7.814815802e-07
265.7657658, 8.425850783e-07
266.3663664, 8.039933953e-07
266.966967, 7.493218444e-07
267.5675676, 7.010822407e-07
268.1681682, 6.335467955e-07
268.7687688, 7.13946135e-07
269.3693694, 6.817863992e-07
269.96997, 7.268100294e-07
270.5705706, 5.434995352e-07
271.1711712, 6.978662671e-07
271.7717718, 7.010822407e-07
272.3723724, 6.592745842e-07
272.972973, 6.52842637e-07
273.5735736, 5.91739139e-07
274.1741742, 5.820912182e-07
274.7747748, 4.984759051e-07
275.3753754, 5.53147456e-07
275.975976, 5.467155088e-07
276.5765766, 4.566682485e-07
277.1771772, 4.212925391e-07
277.7777778, 5.209877202e-07
278.3783784, 4.566682485e-07
278.978979, 4.984759051e-07
279.5795796, 3.76268909e-07
280.1801802, 4.309404599e-07
280.7807808, 4.309404599e-07
281.3813814, 4.245085127e-07
281.981982, 3.987807241e-07
282.5825826, 4.14860592e-07
283.1831832, 3.634050147e-07
283.7837838, 3.859168298e-07
284.3843844, 3.730529354e-07
284.984985, 3.923487769e-07
285.5855856, 3.37677226e-07
286.1861862, 3.891328033e-07
286.7867868, 3.634050147e-07
287.3873874, 3.408931996e-07
287.987988, 4.052126712e-07
288.5885886, 3.023015166e-07
289.1891892, 2.894376223e-07
289.7897898, 2.990855431e-07
290.3903904, 3.15165411e-07
290.990991, 2.926535959e-07
291.5915916, 2.830056752e-07
292.1921922, 2.701417808e-07
292.7927928, 2.572778865e-07
293.3933934, 2.830056752e-07
293.993994, 2.669258072e-07
294.5945946, 3.023015166e-07
295.1951952, 2.37982045e-07
295.7957958, 2.444139922e-07
296.3963964, 1.929584149e-07
296.996997, 1.736625734e-07
297.5975976, 1.961743885e-07
298.1981982, 2.219021771e-07
298.7987988, 2.026063356e-07
299.3993994, 2.186862035e-07
300, 8.213596527e-06
