NaoPoseAndRawAngles NaoPoseV2 4552365301186203 1 53.6622 -10 1.5 -0.05 0 0.31 -10 0 -5 0.02 -0.11 0.1 0 0 0 -0.174533 0.0261799 1.5708 0.2 1.5708 -0.00872665 0 0 -0.123562 -0.01902 -0.654258 0.916302 -0.1899 0.196644 -0.123562 -0.161954 -1.52978 1.80005 -0.163308 0.33112 1.5708 -0.2 -1.5708 0.00872665 0 0
NaoPoseAndRawAngles NaoPoseV2 4552365301222031 1 55.0014 60 3 -0.05 0 0.31 -5 0 5 0 -0.09 0.1 0 0 0 1.0472 0.0523599 1.5708 0.2 1.5708 -0.00872665 0 0 0.142225 -0.14458 -0.766157 0.755831 -0.083519 0.235835 0.142225 -0.387165 -1.53589 2.09689 -0.682874 0.397935 1.5708 -0.2 -1.5708 0.00872665 0 0
NaoPoseAndRawAngles NaoPoseV2 455236533348870 1 37.9061 -20 1.5 -0.02 0 0.33 -5 -20 5 0.02 -0.09 0.1 0 0 0 -0.349066 0.0261799 1.5708 0.2 1.5708 -0.00872665 0 0 0.00913228 -0.148691 0.384545 0 -0.0325521 0.219594 0.00913228 -0.242147 -0.700929 1.9346 -0.87353 0.167476 1.5708 -0.2 -1.5708 0.00872665 0 0
NaoPoseAndRawAngles NaoPoseV2 455236534128818 1 36.3298 60 4.5 0 -0.02 0.33 -10 -20 5 0 -0.09 0.1 0 0 0 1.0472 0.0785398 1.5708 0.2 1.5708 -0.00872665 0 0 0.0694736 0.0647809 0.304606 0.290918 -0.285679 0.0861697 0.0694736 0.143712 -0.401181 1.89113 -1.1863 0.0420699 1.5708 -0.2 -1.5708 0.00872665 0 0
NaoPoseAndRawAngles NaoPoseV2 4552365321532365 1 48.358 60 9 -0.02 -0.02 0.33 -10 -20 -5 0.02 -0.13 0.12 0 0 0 1.0472 0.15708 1.5708 0.2 1.5708 -0.00872665 0 0 -0.126484 0.153048 0.290292 0.399904 -0.269959 0.0584966 -0.126484 -0.249623 -0.885663 2.0428 -0.67371 0.351542 1.5708 -0.2 -1.5708 0.00872665 0 0
NaoPoseAndRawAngles NaoPoseV2 4552365311103620 1 51.7538 -20 9 -0.035 -0.02 0.31 -10 -20 5 0.02 -0.09 0.1 0 0 0 -0.349066 0.15708 1.5708 0.2 1.5708 -0.00872665 0 0 0.0655356 0.0556168 -0.222721 0.982111 -0.446933 0.095796 0.0655356 0.0695146 -1.02201 2.12005 -0.800972 0.112355 1.5708 -0.2 -1.5708 0.00872665 0 0
NaoPoseAndRawAngles NaoPoseV2 4552365311503571 1 53.2783 60 4.5 -0.035 -0.02 0.33 5 -5 5 0.02 -0.09 0.1 0 0 0 1.0472 0.0785398 1.5708 0.2 1.5708 -0.00872665 0 0 0.14228 -0.271922 -0.179201 0 0.156896 0.181623 0.14228 -0.445197 -1.37598 2.00422 -0.63307 0.362437 1.5708 -0.2 -1.5708 0.00872665 0 0
NaoPoseAndRawAngles NaoPoseV2 455236534382723 1 35.3269 -20 10.5 0 -0.02 0.33 0 -5 5 0.02 -0.09 0.1 0 0 0 -0.349066 0.18326 1.5708 0.2 1.5708 -0.00872665 0 0 0.123656 -0.154815 -0.0522833 0.131743 -0.0798576 0.151017 0.123656 -0.212041 -1.10956 2.0815 -0.972345 0.130704 1.5708 -0.2 -1.5708 0.00872665 0 0
NaoPoseAndRawAngles NaoPoseV2 4552365301197032 1 57.3581 -20 1.5 -0.05 0 0.31 -5 -20 5 0.02 -0.09 0.1 0 0 0 -0.349066 0.0261799 1.5708 0.2 1.5708 -0.00872665 0 0 -0.00482113 -0.17056 -0.151595 0.769183 -0.254284 0.24294 -0.00482113 -0.295444 -1.07663 2.07473 -0.620456 0.356988 1.5708 -0.2 -1.5708 0.00872665 0 0
NaoPoseAndRawAngles NaoPoseV2 4552365301301903 1 51.7017 60 4.5 -0.05 0 0.31 10 0 5 0.02 -0.09 0.1 0 0 0 1.0472 0.0785398 1.5708 0.2 1.5708 -0.00872665 0 0 0.286167 -0.379435 -0.516853 0 0.27044 0.324099 0.286167 -0.79046 -1.52652 1.95735 -0.626615 0.397935 1.5708 -0.2 -1.5708 0.00872665 0 0
