-80.24703979, 0
-78.62588748, 0
-77.00473516, 0
-75.38358284, 0
-73.76243052, 0
-72.1412782, 0
-70.52012588, 0
-68.89897356, 9.647920744e-09
-67.27782124, 1.929584149e-08
-65.65666892, 3.215973581e-08
-64.0355166, 1.929584149e-08
-62.41436428, 2.894376223e-08
-60.79321197, 3.215973581e-08
-59.17205965, 2.251181507e-08
-57.55090733, 3.859168298e-08
-55.92975501, 4.823960372e-08
-54.30860269, 6.753544521e-08
-52.68745037, 9.969518102e-08
-51.06629805, 1.061271282e-07
-49.44514573, 9.647920744e-08
-47.82399341, 1.157750489e-07
-46.20284109, 2.186862035e-07
-44.58168877, 2.026063356e-07
-42.96053646, 2.926535959e-07
-41.33938414, 3.859168298e-07
-39.71823182, 4.470203278e-07
-38.0970795, 5.499314824e-07
-36.47592718, 8.29721184e-07
-34.85477486, 8.618809198e-07
-33.23362254, 1.125590753e-06
-31.61247022, 1.431108244e-06
-29.9913179, 1.961743885e-06
-28.37016558, 2.836488699e-06
-26.74901326, 3.891328033e-06
-25.12786095, 4.833608293e-06
-23.50670863, 6.956150856e-06
-21.88555631, 9.432450514e-06
-20.26440399, 1.328518686e-05
-18.64325167, 1.87587739e-05
-17.02209935, 2.707206561e-05
-15.40094703, 4.021896561e-05
-13.77979471, 5.783606889e-05
-12.15864239, 8.42134842e-05
-10.53749007, 0.0001313918166
-8.916337755, 0.0002118458277
-7.295185436, 0.0003586035661
-5.674033117, 0.0006718683367
-4.052880798, 0.002285158268
-2.431728479, 0.05639008033
-0.8105761595, 0.4389909583
0.8105761595, 0.4393302403
2.431728479, 0.05655419146
4.052880798, 0.002381653555
5.674033117, 0.0007779311454
7.295185436, 0.0004484160603
8.916337755, 0.0002954000373
10.53749007, 0.0002070829708
12.15864239, 0.0001530449668
13.77979471, 0.0001159487115
15.40094703, 8.926899467e-05
17.02209935, 6.975768295e-05
18.64325167, 5.614125081e-05
20.26440399, 4.528090802e-05
21.88555631, 3.554615599e-05
23.50670863, 2.718462468e-05
25.12786095, 2.110643461e-05
26.74901326, 1.599946857e-05
28.37016558, 1.278349499e-05
29.9913179, 1.035865091e-05
31.61247022, 7.718336595e-06
33.23362254, 6.206829012e-06
34.85477486, 4.84004024e-06
36.47592718, 3.598674437e-06
38.0970795, 2.939399853e-06
39.71823182, 2.270477348e-06
41.33938414, 1.685170157e-06
42.96053646, 1.392516561e-06
44.58168877, 1.035543493e-06
46.20284109, 7.461058709e-07
47.82399341, 5.788752446e-07
49.44514573, 4.598842221e-07
51.06629805, 2.797897016e-07
52.68745037, 2.251181507e-07
54.30860269, 1.447188112e-07
55.92975501, 1.029111546e-07
57.55090733, 7.075141879e-08
59.17205965, 3.537570939e-08
60.79321197, 2.572778865e-08
62.41436428, 1.607986791e-08
64.0355166, 3.215973581e-09
65.65666892, 3.215973581e-09
67.27782124, 0
68.89897356, 0
70.52012588, 0
72.1412782, 0
73.76243052, 0
75.38358284, 0
77.00473516, 0
78.62588748, 0
80.24703979, 0
