-80.24703979, 3.215973581e-09
-78.62588748, 9.647920744e-09
-77.00473516, 2.251181507e-08
-75.38358284, 1.286389433e-08
-73.76243052, 3.537570939e-08
-72.1412782, 2.251181507e-08
-70.52012588, 3.215973581e-08
-68.89897356, 6.110349804e-08
-67.27782124, 7.075141879e-08
-65.65666892, 1.222069961e-07
-64.0355166, 2.026063356e-07
-62.41436428, 3.730529354e-07
-60.79321197, 5.274196673e-07
-59.17205965, 7.107301615e-07
-57.55090733, 9.776559687e-07
-55.92975501, 1.321765142e-06
-54.30860269, 1.717329892e-06
-52.68745037, 2.122542564e-06
-51.06629805, 2.826840778e-06
-49.44514573, 3.675857803e-06
-47.82399341, 4.71461727e-06
-46.20284109, 5.981710861e-06
-44.58168877, 7.959534614e-06
-42.96053646, 1.063844061e-05
-41.33938414, 1.380939056e-05
-39.71823182, 1.658155979e-05
-38.0970795, 2.004194736e-05
-36.47592718, 2.540940727e-05
-34.85477486, 3.109524856e-05
-33.23362254, 3.811250291e-05
-31.61247022, 4.83875385e-05
-29.9913179, 5.844067192e-05
-28.37016558, 6.655457326e-05
-26.74901326, 7.775580925e-05
-25.12786095, 8.942014543e-05
-23.50670863, 0.000103110545
-21.88555631, 0.0001226315046
-20.26440399, 0.0001448152904
-18.64325167, 0.0001709257799
-17.02209935, 0.0001972613875
-15.40094703, 0.000237734415
-13.77979471, 0.0002959531848
-12.15864239, 0.0003756996817
-10.53749007, 0.0004866282584
-8.916337755, 0.0006256740922
-7.295185436, 0.0008272738281
-5.674033117, 0.001178110818
-4.052880798, 0.002592470271
-2.431728479, 0.05517602779
-0.8105761595, 0.4376633723
0.8105761595, 0.437162211
2.431728479, 0.05487936066
4.052880798, 0.002450751963
5.674033117, 0.001102075555
7.295185436, 0.0007626005994
8.916337755, 0.0005588204334
10.53749007, 0.0004337480048
12.15864239, 0.000340851392
13.77979471, 0.0002685080662
15.40094703, 0.0002098358442
17.02209935, 0.0001685041518
18.64325167, 0.0001394060228
20.26440399, 0.0001164021638
21.88555631, 9.910022591e-05
23.50670863, 8.734262649e-05
25.12786095, 7.654017123e-05
26.74901326, 6.643879822e-05
28.37016558, 5.648535998e-05
29.9913179, 5.017561981e-05
31.61247022, 4.408778183e-05
33.23362254, 3.699012813e-05
34.85477486, 2.94229423e-05
36.47592718, 2.570849281e-05
38.0970795, 2.166279804e-05
39.71823182, 1.860119119e-05
41.33938414, 1.539164956e-05
42.96053646, 1.227215519e-05
44.58168877, 9.972734076e-06
46.20284109, 7.518946233e-06
47.82399341, 5.669761424e-06
49.44514573, 3.981375294e-06
51.06629805, 3.135574242e-06
52.68745037, 2.392684344e-06
54.30860269, 1.910288307e-06
55.92975501, 1.402164481e-06
57.55090733, 1.115942833e-06
59.17205965, 6.753544521e-07
60.79321197, 5.016918787e-07
62.41436428, 3.441091732e-07
64.0355166, 2.894376223e-07
65.65666892, 1.736625734e-07
67.27782124, 9.647920744e-08
68.89897356, 5.788752446e-08
70.52012588, 2.572778865e-08
72.1412782, 0
73.76243052, 0
75.38358284, 0
77.00473516, 0
78.62588748, 0
80.24703979, 0
