-300, 1.225285934e-06
-299.3993994, 3.215973581e-08
-298.7987988, 5.467155088e-08
-298.1981982, 3.859168298e-08
-297.5975976, 4.502363014e-08
-296.996997, 2.251181507e-08
-296.3963964, 2.572778865e-08
-295.7957958, 2.251181507e-08
-295.1951952, 4.180765656e-08
-294.5945946, 3.537570939e-08
-293.993994, 2.572778865e-08
-293.3933934, 3.215973581e-08
-292.7927928, 2.894376223e-08
-292.1921922, 4.502363014e-08
-291.5915916, 5.14555773e-08
-290.990991, 7.396739237e-08
-290.3903904, 7.075141879e-08
-289.7897898, 8.039933953e-08
-289.1891892, 7.718336595e-08
-288.5885886, 6.753544521e-08
-287.987988, 8.039933953e-08
-287.3873874, 9.326323386e-08
-286.7867868, 8.683128669e-08
-286.1861862, 1.029111546e-07
-285.5855856, 7.718336595e-08
-284.984985, 7.718336595e-08
-284.3843844, 7.075141879e-08
-283.7837838, 9.004726028e-08
-283.1831832, 1.029111546e-07
-282.5825826, 8.039933953e-08
-281.981982, 6.753544521e-08
-281.3813814, 7.396739237e-08
-280.7807808, 8.039933953e-08
-280.1801802, 8.683128669e-08
-279.5795796, 8.039933953e-08
-278.978979, 8.683128669e-08
-278.3783784, 6.110349804e-08
-277.7777778, 8.683128669e-08
-277.1771772, 1.543667319e-07
-276.5765766, 1.125590753e-07
-275.975976, 1.254229697e-07
-275.3753754, 1.222069961e-07
-274.7747748, 1.511507583e-07
-274.1741742, 1.543667319e-07
-273.5735736, 1.704465998e-07
-272.972973, 1.672306262e-07
-272.3723724, 1.736625734e-07
-271.7717718, 1.76878547e-07
-271.1711712, 1.704465998e-07
-270.5705706, 1.800945206e-07
-269.96997, 2.058223092e-07
-269.3693694, 1.800945206e-07
-268.7687688, 1.704465998e-07
-268.1681682, 1.865264677e-07
-267.5675676, 2.572778865e-07
-266.966967, 1.76878547e-07
-266.3663664, 2.347660714e-07
-265.7657658, 2.347660714e-07
-265.1651652, 2.219021771e-07
-264.5645646, 1.961743885e-07
-263.963964, 2.122542564e-07
-263.3633634, 2.508459393e-07
-262.7627628, 2.090382828e-07
-262.1621622, 2.990855431e-07
-261.5615616, 3.15165411e-07
-260.960961, 2.830056752e-07
-260.3603604, 2.154702299e-07
-259.7597598, 2.862216487e-07
-259.1591592, 3.023015166e-07
-258.5585586, 3.441091732e-07
-257.957958, 3.215973581e-07
-257.3573574, 3.505411204e-07
-256.7567568, 4.019966977e-07
-256.1561562, 3.698369618e-07
-255.5555556, 4.116446184e-07
-254.954955, 3.730529354e-07
-254.3543544, 4.084286448e-07
-253.7537538, 3.730529354e-07
-253.1531532, 4.888279844e-07
-252.5525526, 4.052126712e-07
-251.951952, 4.598842221e-07
-251.3513514, 4.984759051e-07
-250.7507508, 4.373724071e-07
-250.1501502, 5.242036937e-07
-249.5495495, 4.631001957e-07
-248.9489489, 4.984759051e-07
-248.3483483, 4.727481164e-07
-247.7477477, 5.788752446e-07
-247.1471471, 5.692273239e-07
-246.5465465, 5.627953767e-07
-245.9459459, 5.434995352e-07
-245.3453453, 6.592745842e-07
-244.7447447, 6.9143432e-07
-244.1441441, 6.753544521e-07
-243.5435435, 7.042982143e-07
-242.9429429, 7.975614482e-07
-242.3423423, 8.779607877e-07
-241.7417417, 7.846975538e-07
-241.1411411, 6.817863992e-07
-240.5405405, 8.232892368e-07
-239.9399399, 7.332419765e-07
-239.3393393, 7.943454746e-07
-238.7387387, 8.715288405e-07
-238.1381381, 8.683128669e-07
-237.5375375, 8.650968934e-07
-236.9369369, 9.68008048e-07
-236.3363363, 9.551441536e-07
-235.7357357, 1.003383757e-06
-235.1351351, 1.083783097e-06
-234.5345345, 1.022679599e-06
-233.9339339, 1.12237478e-06
-233.3333333, 1.16739841e-06
-232.7327327, 1.112726859e-06
-232.1321321, 1.061271282e-06
-231.5315315, 1.157750489e-06
-230.9309309, 1.299253327e-06
-230.3303303, 1.328197089e-06
-229.7297297, 1.273525538e-06
-229.1291291, 1.305685274e-06
-228.5285285, 1.566179134e-06
-227.9279279, 1.29282138e-06
-227.3273273, 1.534019398e-06
-226.7267267, 1.550099266e-06
-226.1261261, 1.601554843e-06
-225.5255255, 1.646578474e-06
-224.9249249, 1.743057681e-06
-224.3243243, 1.839536888e-06
-223.7237237, 1.85883273e-06
-223.1231231, 1.884560519e-06
-222.5225225, 1.997119594e-06
-221.9219219, 2.196509956e-06
-221.3213213, 2.135406458e-06
-220.7207207, 2.24474956e-06
-220.1201201, 2.238317613e-06
-219.5195195, 2.157918273e-06
-218.9189189, 2.292989163e-06
-218.3183183, 2.42484408e-06
-217.7177177, 2.514891341e-06
-217.1171171, 2.476299658e-06
-216.5165165, 2.575994839e-06
-215.9159159, 2.64031431e-06
-215.3153153, 2.958695695e-06
-214.7147147, 2.826840778e-06
-214.1141141, 2.81076091e-06
-213.5135135, 3.003719325e-06
-212.9129129, 3.048742955e-06
-212.3123123, 3.386420181e-06
-211.7117117, 3.354260445e-06
-211.1111111, 3.399284075e-06
-210.5105105, 3.724097407e-06
-209.9099099, 3.659777935e-06
-209.3093093, 3.836656482e-06
-208.7087087, 4.013535029e-06
-208.1081081, 4.312620572e-06
-207.5075075, 4.241869154e-06
-206.9069069, 4.302972652e-06
-206.3063063, 4.711401297e-06
-205.7057057, 4.753208953e-06
-205.1051051, 5.110182021e-06
-204.5045045, 5.05551047e-06
-203.9039039, 5.06515839e-06
-203.3033033, 5.177717466e-06
-202.7027027, 5.402835617e-06
-202.1021021, 5.772672578e-06
-201.5015015, 5.679409345e-06
-200.9009009, 5.910959442e-06
-200.3003003, 6.271148483e-06
-199.6996997, 6.229340827e-06
-199.0990991, 6.496266634e-06
-198.4984985, 6.798568151e-06
-197.8978979, 6.83394386e-06
-197.2972973, 7.412819105e-06
-196.6966967, 7.686176859e-06
-196.0960961, 7.670096991e-06
-195.4954955, 7.879135274e-06
-194.8948949, 7.885567221e-06
-194.2942943, 8.393691047e-06
-193.6936937, 8.814983586e-06
-193.0930931, 9.065829526e-06
-192.4924925, 9.255571967e-06
-191.8918919, 9.483906091e-06
-191.2912913, 1.000810978e-05
-190.6906907, 1.017534041e-05
-190.0900901, 1.080888721e-05
-189.4894895, 1.10050616e-05
-188.8888889, 1.139097842e-05
-188.2882883, 1.185407862e-05
-187.6876877, 1.205668496e-05
-187.0870871, 1.254872891e-05
-186.4864865, 1.281887069e-05
-185.8858859, 1.296037353e-05
-185.2852853, 1.394767742e-05
-184.6846847, 1.418244349e-05
-184.0840841, 1.461338395e-05
-183.4834835, 1.518582725e-05
-182.8828829, 1.569395108e-05
-182.2822823, 1.590942131e-05
-181.6816817, 1.688707728e-05
-181.0810811, 1.698034051e-05
-180.4804805, 1.792583674e-05
-179.8798799, 1.842109667e-05
-179.2792793, 1.869123845e-05
-178.6786787, 1.992295634e-05
-178.0780781, 1.980074934e-05
-177.4774775, 2.062403858e-05
-176.8768769, 2.136692847e-05
-176.2762763, 2.224810524e-05
-175.6756757, 2.331902444e-05
-175.0750751, 2.293953956e-05
-174.4744745, 2.408442615e-05
-173.8738739, 2.49302272e-05
-173.2732733, 2.58918033e-05
-172.6726727, 2.625199234e-05
-172.0720721, 2.748371023e-05
-171.4714715, 2.823946402e-05
-170.8708709, 2.869934824e-05
-170.2702703, 2.985388275e-05
-169.6696697, 3.114348816e-05
-169.0690691, 3.202466492e-05
-168.4684685, 3.319849528e-05
-167.8678679, 3.41086158e-05
-167.2672673, 3.484185778e-05
-166.6666667, 3.568444286e-05
-166.0660661, 3.71155511e-05
-165.4654655, 3.788416879e-05
-164.8648649, 4.019002185e-05
-164.2642643, 4.033795663e-05
-163.6636637, 4.161791412e-05
-163.0630631, 4.298791886e-05
-162.4624625, 4.448977852e-05
-161.8618619, 4.603344584e-05
-161.2612613, 4.757711316e-05
-160.6606607, 4.901465335e-05
-160.0600601, 5.046505744e-05
-159.4594595, 5.141698562e-05
-158.8588589, 5.366173518e-05
-158.2582583, 5.507997953e-05
-157.6576577, 5.681017331e-05
-157.0570571, 5.819304195e-05
-156.4564565, 6.051497488e-05
-155.8558559, 6.169845316e-05
-155.2552553, 6.485332324e-05
-154.6546547, 6.526496786e-05
-154.0540541, 6.769624389e-05
-153.4534535, 7.041695754e-05
-152.8528529, 7.249769244e-05
-152.2522523, 7.433401336e-05
-151.6516517, 7.735059658e-05
-151.0510511, 7.92705328e-05
-150.4504505, 8.192049504e-05
-149.8498498, 8.469266426e-05
-149.2492492, 8.65868727e-05
-148.6486486, 9.057467994e-05
-148.048048, 9.139153723e-05
-147.4474474, 9.63377046e-05
-146.8468468, 9.763374195e-05
-146.2462462, 0.0001017727
-145.6456456, 0.0001055771967
-145.045045, 0.0001090408002
-144.4444444, 0.0001109639524
-143.8438438, 0.0001144500678
-143.2432432, 0.0001190907177
-142.6426426, 0.0001244163699
-142.042042, 0.0001264360013
-141.4414414, 0.0001314143285
-140.8408408, 0.0001355918781
-140.2402402, 0.0001410011457
-139.6396396, 0.0001434549335
-139.039039, 0.0001487162663
-138.4384384, 0.0001542831166
-137.8378378, 0.0001583159475
-137.2372372, 0.000163728431
-136.6366366, 0.0001697390856
-136.036036, 0.0001743347119
-135.4354354, 0.0001796024766
-134.8348348, 0.0001852465102
-134.2342342, 0.0001932800122
-133.6336336, 0.0001978402628
-133.033033, 0.00020572583
-132.4324324, 0.0002118040201
-131.8318318, 0.0002195287886
-131.2312312, 0.0002263755964
-130.6306306, 0.0002322929877
-130.03003, 0.0002396221915
-129.4294294, 0.0002489549469
-128.8288288, 0.0002556634678
-128.2282282, 0.0002649704953
-127.6276276, 0.0002757407908
-127.027027, 0.0002798829648
-126.4264264, 0.0002892318
-125.8258258, 0.0002973489173
-125.2252252, 0.0003079648461
-124.6246246, 0.0003191146265
-124.024024, 0.0003295150851
-123.4234234, 0.0003394878192
-122.8228228, 0.0003485729445
-122.2222222, 0.0003581211701
-121.6216216, 0.0003711941027
-121.021021, 0.0003811185972
-120.4204204, 0.0003907279262
-119.8198198, 0.000400250424
-119.2192192, 0.0004161212536
-118.6186186, 0.0004275283119
-118.018018, 0.0004363465115
-117.4174174, 0.0004505611147
-116.8168168, 0.0004627560865
-116.2162162, 0.0004747130763
-115.6156156, 0.0004879468076
-115.015015, 0.000500794622
-114.4144144, 0.000514439998
-113.8138138, 0.0005256090742
-113.2132132, 0.0005394474085
-112.6126126, 0.0005547039872
-112.012012, 0.0005681917804
-111.4114114, 0.0005850145382
-110.8108108, 0.0005988174968
-110.2102102, 0.0006130739077
-109.6096096, 0.0006282372231
-109.009009, 0.0006406155054
-108.4084084, 0.0006602361603
-107.8078078, 0.0006750135589
-107.2072072, 0.000689848845
-106.6066066, 0.0007068291855
-106.006006, 0.000718216948
-105.4054054, 0.0007350204099
-104.8048048, 0.0007497945926
-104.2042042, 0.0007635493116
-103.6036036, 0.0007836362825
-103.003003, 0.0008015781992
-102.4024024, 0.0008207261059
-101.8018018, 0.0008359087171
-101.2012012, 0.0008535129565
-100.6006006, 0.000869647496
-100, 0.0008905352444
-99.3993994, 0.0009088855896
-98.7987988, 0.0009290819037
-98.1981982, 0.0009466764952
-97.5975976, 0.0009639494893
-96.996997, 0.0009851491871
-96.3963964, 0.001005541676
-95.7957958, 0.001025972756
-95.1951952, 0.001047760977
-94.59459459, 0.001065574254
-93.99399399, 0.001087603674
-93.39339339, 0.001106169489
-92.79279279, 0.001127153717
-92.19219219, 0.001146452774
-91.59159159, 0.001168601184
-90.99099099, 0.001189353862
-90.39039039, 0.00121028985
-89.78978979, 0.001225382414
-89.18918919, 0.001250775741
-88.58858859, 0.001270975271
-87.98798799, 0.001292065626
-87.38738739, 0.001312442034
-86.78678679, 0.001336233807
-86.18618619, 0.001353863774
-85.58558559, 0.001367120017
-84.98498498, 0.001395349833
-84.38438438, 0.001411876722
-83.78378378, 0.001435565583
-83.18318318, 0.001456623778
-82.58258258, 0.001475504759
-81.98198198, 0.001494517595
-81.38138138, 0.001515984218
-80.78078078, 0.001540274467
-80.18018018, 0.001565397652
-79.57957958, 0.001591250864
-78.97897898, 0.001610971214
-78.37837838, 0.001637355061
-77.77777778, 0.001662262777
-77.17717718, 0.001689061485
-76.57657658, 0.001715348853
-75.97597598, 0.001740883683
-75.37537538, 0.001764447121
-74.77477477, 0.001793249381
-74.17417417, 0.001816693828
-73.57357357, 0.001841205979
-72.97297297, 0.001863547347
-72.37237237, 0.001890641925
-71.77177177, 0.001911076221
-71.17117117, 0.001938978008
-70.57057057, 0.001968050409
-69.96996997, 0.001994241298
-69.36936937, 0.002023271891
-68.76876877, 0.002046725986
-68.16816817, 0.00207283326
-67.56756757, 0.002099419714
-66.96696697, 0.002125150718
-66.36636637, 0.002153956194
-65.76576577, 0.002179076163
-65.16516517, 0.002206749616
-64.56456456, 0.002233397173
-63.96396396, 0.002252532216
-63.36336336, 0.002283871878
-62.76276276, 0.002308609147
-62.16216216, 0.002340534117
-61.56156156, 0.002366959772
-60.96096096, 0.002401373905
-60.36036036, 0.002428815808
-59.75975976, 0.002456498908
-59.15915916, 0.002481821484
-58.55855856, 0.002512714126
-57.95795796, 0.002538628442
-57.35735736, 0.002574727745
-56.75675676, 0.002602089248
-56.15615616, 0.002627370017
-55.55555556, 0.002658246579
-54.95495495, 0.002689045958
-54.35435435, 0.002713561325
-53.75375375, 0.002740961419
-53.15315315, 0.00277670375
-52.55255255, 0.002798134998
-51.95195195, 0.002824322671
-51.35135135, 0.002855501534
-50.75075075, 0.002887600167
-50.15015015, 0.002912655817
-49.54954955, 0.002944056583
-48.94894895, 0.002974084128
-48.34834835, 0.00299554432
-47.74774775, 0.003024259748
-47.14714715, 0.003049196407
-46.54654655, 0.003084810099
-45.94594595, 0.003111399768
-45.34534535, 0.003136133821
-44.74474474, 0.00316085501
-44.14414414, 0.003188531679
-43.54354354, 0.003217330722
-42.94294294, 0.00324365025
-42.34234234, 0.003269689988
-41.74174174, 0.003294121739
-41.14114114, 0.003326464786
-40.54054054, 0.003356318668
-39.93993994, 0.003375868572
-39.33933934, 0.003402741247
-38.73873874, 0.003429787585
-38.13813814, 0.003455988122
-37.53753754, 0.003483430024
-36.93693694, 0.00350483876
-36.33633634, 0.003536947041
-35.73573574, 0.003560040947
-35.13513514, 0.003591432065
-34.53453453, 0.003607331838
-33.93393393, 0.003641996818
-33.33333333, 0.003665814318
-32.73273273, 0.003681202751
-32.13213213, 0.00370868003
-31.53153153, 0.003724367549
-30.93093093, 0.003742373785
-30.33033033, 0.003762348197
-29.72972973, 0.003778826846
-29.12912913, 0.003800242014
-28.52852853, 0.003822265001
-27.92792793, 0.003842737888
-27.32732733, 0.003849449625
-26.72672673, 0.003865362263
-26.12612613, 0.003887037925
-25.52552553, 0.003910501668
-24.92492492, 0.003915910935
-24.32432432, 0.003938972682
-23.72372372, 0.003945864513
-23.12312312, 0.003962777318
-22.52252252, 0.003979027633
-21.92192192, 0.003994483602
-21.32132132, 0.00401008429
-20.72072072, 0.004014541629
-20.12012012, 0.0040326958
-19.51951952, 0.004043385696
-18.91891892, 0.004043797341
-18.31831832, 0.004060317797
-17.71771772, 0.004074934397
-17.11711712, 0.004094722282
-16.51651652, 0.004098838729
-15.91591592, 0.004108210076
-15.31531532, 0.004118022011
-14.71471471, 0.004126139128
-14.11411411, 0.004135121343
-13.51351351, 0.004148425825
-12.91291291, 0.004156083058
-12.31231231, 0.004163827123
-11.71171171, 0.004171326773
-11.11111111, 0.004177179845
-10.51051051, 0.004190825221
-9.90990991, 0.004192848068
-9.309309309, 0.00419604153
-8.708708709, 0.004195912891
-8.108108108, 0.004206294054
-7.507507508, 0.004203312846
-6.906906907, 0.004209982776
-6.306306306, 0.004216308596
-5.705705706, 0.004216414723
-5.105105105, 0.004213369196
-4.504504505, 0.004219424874
-3.903903904, 0.004214465843
-3.303303303, 0.004206843985
-2.702702703, 0.00420768657
-2.102102102, 0.004201367182
-1.501501502, 0.004201029505
-0.9009009009, 0.004199038818
-0.3003003003, 0.004195224673
0.3003003003, 0.004186062364
0.9009009009, 0.004177469283
1.501501502, 0.004180405467
2.102102102, 0.004185084708
2.702702703, 0.004189133619
3.303303303, 0.004196424231
3.903903904, 0.004190867029
4.504504505, 0.004191088931
5.105105105, 0.004178993654
5.705705706, 0.004180965046
6.306306306, 0.004180598425
6.906906907, 0.004177163765
7.507507508, 0.004175558994
8.108108108, 0.004171146679
8.708708709, 0.004165595908
9.309309309, 0.004160295984
9.90990991, 0.004162376719
10.51051051, 0.004155703574
11.11111111, 0.004144862527
11.71171171, 0.004139671945
12.31231231, 0.004129940409
12.91291291, 0.004138501331
13.51351351, 0.004129274703
14.11411411, 0.004124617973
14.71471471, 0.004125248304
15.31531532, 0.004118131354
15.91591592, 0.004121382703
16.51651652, 0.004115240194
17.11711712, 0.004115912332
17.71771772, 0.004106756456
18.31831832, 0.0041076312
18.91891892, 0.004096188766
19.51951952, 0.004082739565
20.12012012, 0.004072856878
20.72072072, 0.00405456442
21.32132132, 0.004034863366
21.92192192, 0.004028154845
22.52252252, 0.004012917562
23.12312312, 0.003982680979
23.72372372, 0.003971135634
24.32432432, 0.003950730281
24.92492492, 0.003925616744
25.52552553, 0.003905529773
26.12612613, 0.003882287932
26.72672673, 0.003858412544
27.32732733, 0.003840123302
27.92792793, 0.003819756541
28.52852853, 0.00380381496
29.12912913, 0.003778534192
29.72972973, 0.003762084487
30.33033033, 0.003738852294
30.93093093, 0.003709676982
31.53153153, 0.003682022825
32.13213213, 0.003664032669
32.73273273, 0.003630750558
33.33333333, 0.003608061864
33.93393393, 0.003578249789
34.53453453, 0.003554612383
35.13513514, 0.003523057251
35.73573574, 0.003497036808
36.33633634, 0.003467700697
36.93693694, 0.003440718679
37.53753754, 0.003418412686
38.13813814, 0.003385609756
38.73873874, 0.003350993016
39.33933934, 0.003327345962
39.93993994, 0.003303708557
40.54054054, 0.003267937282
41.14114114, 0.003234651956
41.74174174, 0.003215536209
42.34234234, 0.003193600053
42.94294294, 0.003163273422
43.54354354, 0.003141912926
44.14414414, 0.003116899083
44.74474474, 0.003095377788
45.34534535, 0.003068360394
45.94594595, 0.00304426632
46.54654655, 0.003007813259
47.14714715, 0.002989610849
47.74774775, 0.002957763062
48.34834835, 0.002934244648
48.94894895, 0.002907368756
49.54954955, 0.00288252536
50.15015015, 0.002857772012
50.75075075, 0.002831799809
51.35135135, 0.002805480281
51.95195195, 0.002781656349
52.55255255, 0.002762257596
53.15315315, 0.00273744636
53.75375375, 0.002719732778
54.35435435, 0.002692014302
54.95495495, 0.002667724053
55.55555556, 0.002648830208
56.15615616, 0.002616747656
56.75675676, 0.002592836892
57.35735736, 0.002567462861
57.95795796, 0.00254364536
58.55855856, 0.002510199235
59.15915916, 0.002489809963
59.75975976, 0.002464702857
60.36036036, 0.002434212211
60.96096096, 0.002412247112
61.56156156, 0.002382193839
62.16216216, 0.002355147501
62.76276276, 0.002329612671
63.36336336, 0.002301820227
63.96396396, 0.002280398627
64.56456456, 0.002256793381
65.16516517, 0.002230129744
65.76576577, 0.00219997356
66.36636637, 0.002171814495
66.96696697, 0.002147157625
67.56756757, 0.002119866874
68.16816817, 0.002095827471
68.76876877, 0.002072694973
69.36936937, 0.002043204495
69.96996997, 0.0020154217
70.57057057, 0.00199269763
71.17117117, 0.001975488956
71.77177177, 0.001948075997
72.37237237, 0.001918218898
72.97297297, 0.001895465885
73.57357357, 0.001873992829
74.17417417, 0.001847271305
74.77477477, 0.001824367141
75.37537538, 0.001798205196
75.97597598, 0.00177070219
76.57657658, 0.001739111681
77.17717718, 0.001718844616
77.77777778, 0.001694547936
78.37837838, 0.001671476541
78.97897898, 0.001645218117
79.57957958, 0.001623121162
80.18018018, 0.001599364765
80.78078078, 0.001571717041
81.38138138, 0.001548558815
81.98198198, 0.001521210175
82.58258258, 0.001494951751
83.18318318, 0.001475488679
83.78378378, 0.001448394102
84.38438438, 0.001420826776
84.98498498, 0.001398678366
85.58558559, 0.001372883042
86.18618619, 0.001350339067
86.78678679, 0.001331300504
87.38738739, 0.001306412084
87.98798799, 0.001284656023
88.58858859, 0.001260295023
89.18918919, 0.001241185708
89.78978979, 0.001219249552
90.39039039, 0.001192756362
90.99099099, 0.001169803958
91.59159159, 0.001150717155
92.19219219, 0.001128411162
92.79279279, 0.001104153074
93.39339339, 0.00107874045
93.99399399, 0.001063168706
94.59459459, 0.001036768779
95.1951952, 0.001016842607
95.7957958, 0.0009915586225
96.3963964, 0.0009722852928
96.996997, 0.0009540282108
97.5975976, 0.0009326226906
98.1981982, 0.0009105739758
98.7987988, 0.0008927639141
99.3993994, 0.0008711686515
100, 0.0008506861157
100.6006006, 0.0008320913565
101.2012012, 0.0008173203898
101.8018018, 0.0007941493002
102.4024024, 0.0007783074143
103.003003, 0.0007599538531
103.6036036, 0.0007406708755
104.2042042, 0.0007208540463
104.8048048, 0.0007069835522
105.4054054, 0.0006904052084
106.006006, 0.0006710675593
106.6066066, 0.000656740397
107.2072072, 0.0006409789105
107.8078078, 0.0006237252122
108.4084084, 0.0006066290966
109.009009, 0.0005932281347
109.6096096, 0.000575659271
110.2102102, 0.0005643293961
110.8108108, 0.000548516454
111.4114114, 0.000533793727
112.012012, 0.0005212289182
112.6126126, 0.0005076993173
113.2132132, 0.0004941472047
113.8138138, 0.0004811611033
114.4144144, 0.0004721499454
115.015015, 0.0004551889007
115.6156156, 0.0004429939289
116.2162162, 0.0004324455355
116.8168168, 0.0004207297438
117.4174174, 0.0004112651335
118.018018, 0.0004005655894
118.6186186, 0.000389779214
119.2192192, 0.0003795202583
119.8198198, 0.0003687756906
120.4204204, 0.000360690733
121.021021, 0.0003493094025
121.6216216, 0.0003392080295
122.2222222, 0.0003310072968
122.8228228, 0.0003225171266
123.4234234, 0.0003131747233
124.024024, 0.0003051251414
124.6246246, 0.0002946378516
125.2252252, 0.000288263792
125.8258258, 0.0002791754506
126.4264264, 0.0002726631041
127.027027, 0.000264031431
127.6276276, 0.0002555991483
128.2282282, 0.0002494405589
128.8288288, 0.0002412269624
129.4294294, 0.0002361039164
130.03003, 0.0002290223426
130.6306306, 0.0002217735382
131.2312312, 0.0002159880017
131.8318318, 0.0002099098116
132.4324324, 0.0002033331456
133.033033, 0.000196354483
133.6336336, 0.0001917717206
134.2342342, 0.0001862370301
134.8348348, 0.0001823328382
135.4354354, 0.0001766084052
136.036036, 0.0001721928735
136.6366366, 0.0001674943361
137.2372372, 0.0001627218313
137.8378378, 0.0001585153378
138.4384384, 0.0001537074573
139.039039, 0.0001493080055
139.6396396, 0.0001448956897
140.2402402, 0.0001419820176
140.8408408, 0.0001389525705
141.4414414, 0.0001341093143
142.042042, 0.0001302179863
142.6426426, 0.0001257027594
143.2432432, 0.0001234805216
143.8438438, 0.0001206890566
144.4444444, 0.0001172576127
145.045045, 0.0001132569416
145.6456456, 0.0001098898173
146.2462462, 0.0001082368069
146.8468468, 0.0001054324779
147.4474474, 0.0001015315019
148.048048, 9.815794565e-05
148.6486486, 9.73121446e-05
149.2492492, 9.411225088e-05
149.8498498, 9.094130093e-05
150.4504505, 9.014695546e-05
151.0510511, 8.686023046e-05
151.6516517, 8.571855984e-05
152.2522523, 8.291423087e-05
152.8528529, 7.901003894e-05
153.4534535, 7.757249875e-05
154.0540541, 7.641474826e-05
154.6546547, 7.460093916e-05
155.2552553, 7.154898024e-05
155.8558559, 6.979949061e-05
156.4564565, 6.868997972e-05
157.0570571, 6.66478365e-05
157.6576577, 6.52842637e-05
158.2582583, 6.373416443e-05
158.8588589, 6.217763322e-05
159.4594595, 6.014513792e-05
160.0600601, 5.890698809e-05
160.6606607, 5.686484486e-05
161.2612613, 5.619592236e-05
161.8618619, 5.473908633e-05
162.4624625, 5.365208726e-05
163.0630631, 5.140412172e-05
163.6636637, 5.019491566e-05
164.2642643, 4.925585137e-05
164.8648649, 4.807880504e-05
165.4654655, 4.730375541e-05
166.0660661, 4.628107581e-05
166.6666667, 4.555426578e-05
167.2672673, 4.366327331e-05
167.8678679, 4.309083002e-05
168.4684685, 4.170152943e-05
169.0690691, 3.941497221e-05
169.6696697, 3.949215558e-05
170.2702703, 3.815431057e-05
170.8708709, 3.738890886e-05
171.4714715, 3.567479494e-05
172.0720721, 3.511199956e-05
172.6726727, 3.436267772e-05
173.2732733, 3.430800616e-05
173.8738739, 3.261962003e-05
174.4744745, 3.169985159e-05
175.0750751, 3.062893239e-05
175.6756757, 2.98120751e-05
176.2762763, 2.937791866e-05
176.8768769, 2.922676791e-05
177.4774775, 2.785676316e-05
178.0780781, 2.693377874e-05
178.6786787, 2.656072581e-05
179.2792793, 2.585642759e-05
179.8798799, 2.541905519e-05
180.4804805, 2.440923948e-05
181.0810811, 2.442531935e-05
181.6816817, 2.286557216e-05
182.2822823, 2.285270827e-05
182.8828829, 2.216448992e-05
183.4834835, 2.185897243e-05
184.0840841, 2.120934577e-05
184.6846847, 2.044072808e-05
185.2852853, 1.99390362e-05
185.8858859, 1.966889442e-05
186.4864865, 1.876198987e-05
187.0870871, 1.877806974e-05
187.6876877, 1.820241047e-05
188.2882883, 1.767177483e-05
188.8888889, 1.754956783e-05
189.4894895, 1.689350922e-05
190.0900901, 1.639503332e-05
190.6906907, 1.572611081e-05
191.2912913, 1.586761365e-05
191.8918919, 1.534662593e-05
192.4924925, 1.468413537e-05
193.0930931, 1.446866514e-05
193.6936937, 1.410526013e-05
194.2942943, 1.346528138e-05
194.8948949, 1.353924878e-05
195.4954955, 1.319835558e-05
196.0960961, 1.290570198e-05
196.6966967, 1.237506634e-05
197.2972973, 1.208562872e-05
197.8978979, 1.165468826e-05
198.4984985, 1.143600205e-05
199.0990991, 1.084104694e-05
199.6996997, 1.131057909e-05
200.3003003, 1.095360602e-05
200.9009009, 1.023965988e-05
201.5015015, 9.586817246e-06
202.1021021, 1.013031678e-05
202.7027027, 9.573953351e-06
203.3033033, 9.435666487e-06
203.9039039, 9.242708073e-06
204.5045045, 8.786039824e-06
205.1051051, 8.679912696e-06
205.7057057, 8.525545964e-06
206.3063063, 8.319723655e-06
206.9069069, 8.065661742e-06
207.5075075, 7.750496331e-06
208.1081081, 7.940238772e-06
208.7087087, 7.483570524e-06
209.3093093, 7.133029403e-06
209.9099099, 6.853239702e-06
210.5105105, 6.817863992e-06
211.1111111, 6.615257657e-06
211.7117117, 6.538074291e-06
212.3123123, 6.242204721e-06
212.9129129, 6.460890925e-06
213.5135135, 6.255068616e-06
214.1141141, 5.997790729e-06
214.7147147, 5.869151786e-06
215.3153153, 5.672977397e-06
215.9159159, 5.66654545e-06
216.5165165, 5.40605159e-06
217.1171171, 5.267764726e-06
217.7177177, 5.1005341e-06
218.3183183, 4.801448557e-06
218.9189189, 4.852904134e-06
219.5195195, 4.717833244e-06
220.1201201, 4.576330406e-06
220.7207207, 4.450907436e-06
221.3213213, 4.383371991e-06
221.9219219, 4.431611595e-06
222.5225225, 4.145389946e-06
223.1231231, 4.05855866e-06
223.7237237, 3.89775998e-06
224.3243243, 3.981375294e-06
224.9249249, 3.872032192e-06
225.5255255, 3.498979256e-06
226.1261261, 3.595458464e-06
226.7267267, 3.322100709e-06
227.3273273, 3.302804868e-06
227.9279279, 3.299588894e-06
228.5285285, 3.306020842e-06
229.1291291, 2.965127642e-06
229.7297297, 3.061606849e-06
230.3303303, 2.929751933e-06
230.9309309, 3.003719325e-06
231.5315315, 2.762521306e-06
232.1321321, 2.707849755e-06
232.7327327, 2.743225465e-06
233.3333333, 2.633882363e-06
233.9339339, 2.688553914e-06
234.5345345, 2.411980186e-06
235.1351351, 2.370172529e-06
235.7357357, 2.495595499e-06
236.3363363, 2.498811473e-06
236.9369369, 2.20937385e-06
237.5375375, 2.325148899e-06
238.1381381, 2.11932659e-06
238.7387387, 2.067871013e-06
239.3393393, 2.087166854e-06
239.9399399, 2.196509956e-06
240.5405405, 1.894208439e-06
241.1411411, 1.942448043e-06
241.7417417, 1.76878547e-06
242.3423423, 1.881344545e-06
242.9429429, 1.765569496e-06
243.5435435, 1.659442368e-06
244.1441441, 1.836320915e-06
244.7447447, 1.620850685e-06
245.3453453, 1.591906923e-06
245.9459459, 1.710897945e-06
246.5465465, 1.460052006e-06
247.1471471, 1.447188112e-06
247.7477477, 1.572611081e-06
248.3483483, 1.636930553e-06
248.9489489, 1.511507583e-06
249.5495495, 1.386084614e-06
250.1501502, 1.347492931e-06
250.7507508, 1.296037353e-06
251.3513514, 1.341060983e-06
251.951952, 1.241365802e-06
252.5525526, 1.398948508e-06
253.1531532, 1.405380455e-06
253.7537538, 1.24779775e-06
254.3543544, 1.135238674e-06
254.954955, 1.07735115e-06
255.5555556, 1.144886595e-06
256.1561562, 1.115942833e-06
256.7567568, 1.08699907e-06
257.3573574, 1.144886595e-06
257.957958, 1.029111546e-06
258.5585586, 1.07735115e-06
259.1591592, 1.038759467e-06
259.7597598, 1.013031678e-06
260.3603604, 9.036885763e-07
260.960961, 9.647920744e-07
261.5615616, 8.618809198e-07
262.1621622, 9.133364971e-07
262.7627628, 7.879135274e-07
263.3633634, 7.879135274e-07
263.963964, 7.814815802e-07
264.5645646, 8.458010519e-07
265.1651652, 8.232892368e-07
265.7657658, 9.229844178e-07
266.3663664, 7.621857388e-07
266.966967, 7.203780822e-07
267.5675676, 7.107301615e-07
268.1681682, 6.785704256e-07
268.7687688, 6.046030333e-07
269.3693694, 6.14250954e-07
269.96997, 7.428898973e-07
270.5705706, 7.010822407e-07
271.1711712, 6.850023728e-07
271.7717718, 6.657065313e-07
272.3723724, 6.174669276e-07
272.972973, 6.399787427e-07
273.5735736, 5.981710861e-07
274.1741742, 5.499314824e-07
274.7747748, 5.467155088e-07
275.3753754, 6.046030333e-07
275.975976, 5.113397994e-07
276.5765766, 4.856120108e-07
277.1771772, 4.695321429e-07
277.7777778, 4.502363014e-07
278.3783784, 4.695321429e-07
278.978979, 4.823960372e-07
279.5795796, 4.373724071e-07
280.1801802, 3.859168298e-07
280.7807808, 4.373724071e-07
281.3813814, 3.698369618e-07
281.981982, 4.663161693e-07
282.5825826, 4.277244863e-07
283.1831832, 3.955647505e-07
283.7837838, 3.537570939e-07
284.3843844, 3.827008562e-07
284.984985, 3.441091732e-07
285.5855856, 3.891328033e-07
286.1861862, 3.248133317e-07
286.7867868, 3.473251468e-07
287.3873874, 4.084286448e-07
287.987988, 3.183813845e-07
288.5885886, 3.119494374e-07
289.1891892, 2.862216487e-07
289.7897898, 3.055174902e-07
290.3903904, 3.183813845e-07
290.990991, 3.119494374e-07
291.5915916, 2.347660714e-07
292.1921922, 2.37982045e-07
292.7927928, 2.894376223e-07
293.3933934, 2.797897016e-07
293.993994, 2.604938601e-07
294.5945946, 3.055174902e-07
295.1951952, 2.797897016e-07
295.7957958, 2.444139922e-07
296.3963964, 1.99390362e-07
296.996997, 2.315500979e-07
297.5975976, 1.99390362e-07
298.1981982, 1.929584149e-07
298.7987988, 2.058223092e-07
299.3993994, 1.961743885e-07
300, 8.223244447e-06
