-300, 0
-299.3993994, 0
-298.7987988, 0
-298.1981982, 0
-297.5975976, 0
-296.996997, 0
-296.3963964, 0
-295.7957958, 0
-295.1951952, 0
-294.5945946, 0
-293.993994, 3.215973581e-09
-293.3933934, 0
-292.7927928, 0
-292.1921922, 0
-291.5915916, 0
-290.990991, 0
-290.3903904, 3.215973581e-09
-289.7897898, 0
-289.1891892, 3.215973581e-09
-288.5885886, 0
-287.987988, 0
-287.3873874, 0
-286.7867868, 0
-286.1861862, 0
-285.5855856, 3.215973581e-09
-284.984985, 0
-284.3843844, 6.431947163e-09
-283.7837838, 0
-283.1831832, 3.215973581e-09
-282.5825826, 3.215973581e-09
-281.981982, 0
-281.3813814, 0
-280.7807808, 0
-280.1801802, 6.431947163e-09
-279.5795796, 6.431947163e-09
-278.978979, 0
-278.3783784, 3.215973581e-09
-277.7777778, 3.215973581e-09
-277.1771772, 6.431947163e-09
-276.5765766, 6.431947163e-09
-275.975976, 3.215973581e-09
-275.3753754, 9.647920744e-09
-274.7747748, 1.286389433e-08
-274.1741742, 0
-273.5735736, 3.215973581e-09
-272.972973, 6.431947163e-09
-272.3723724, 1.286389433e-08
-271.7717718, 0
-271.1711712, 1.607986791e-08
-270.5705706, 1.607986791e-08
-269.96997, 3.215973581e-09
-269.3693694, 1.286389433e-08
-268.7687688, 1.286389433e-08
-268.1681682, 2.251181507e-08
-267.5675676, 2.572778865e-08
-266.966967, 3.537570939e-08
-266.3663664, 1.929584149e-08
-265.7657658, 2.894376223e-08
-265.1651652, 3.537570939e-08
-264.5645646, 3.215973581e-08
-263.963964, 2.572778865e-08
-263.3633634, 4.180765656e-08
-262.7627628, 3.215973581e-08
-262.1621622, 3.537570939e-08
-261.5615616, 4.502363014e-08
-260.960961, 3.537570939e-08
-260.3603604, 6.431947163e-08
-259.7597598, 6.110349804e-08
-259.1591592, 7.075141879e-08
-258.5585586, 8.039933953e-08
-257.957958, 4.823960372e-08
-257.3573574, 7.396739237e-08
-256.7567568, 7.075141879e-08
-256.1561562, 9.647920744e-08
-255.5555556, 6.431947163e-08
-254.954955, 8.039933953e-08
-254.3543544, 1.157750489e-07
-253.7537538, 9.326323386e-08
-253.1531532, 1.350708904e-07
-252.5525526, 1.125590753e-07
-251.951952, 1.640146526e-07
-251.3513514, 1.447188112e-07
-250.7507508, 1.189910225e-07
-250.1501502, 1.672306262e-07
-249.5495495, 1.800945206e-07
-248.9489489, 2.058223092e-07
-248.3483483, 1.640146526e-07
-247.7477477, 2.315500979e-07
-247.1471471, 2.411980186e-07
-246.5465465, 2.37982045e-07
-245.9459459, 2.604938601e-07
-245.3453453, 2.508459393e-07
-244.7447447, 3.055174902e-07
-244.1441441, 2.990855431e-07
-243.5435435, 3.087334638e-07
-242.9429429, 3.634050147e-07
-242.3423423, 3.537570939e-07
-241.7417417, 4.212925391e-07
-241.1411411, 4.309404599e-07
-240.5405405, 3.923487769e-07
-239.9399399, 5.081238258e-07
-239.3393393, 4.791800636e-07
-238.7387387, 5.370675881e-07
-238.1381381, 6.850023728e-07
-237.5375375, 6.817863992e-07
-236.9369369, 5.467155088e-07
-236.3363363, 7.718336595e-07
-235.7357357, 7.461058709e-07
-235.1351351, 7.203780822e-07
-234.5345345, 8.683128669e-07
-233.9339339, 9.776559687e-07
-233.3333333, 9.390642857e-07
-232.7327327, 9.487122065e-07
-232.1321321, 1.08699907e-06
-231.5315315, 1.090215044e-06
-230.9309309, 1.144886595e-06
-230.3303303, 1.308901248e-06
-229.7297297, 1.334629036e-06
-229.1291291, 1.283173459e-06
-228.5285285, 1.389300587e-06
-227.9279279, 1.463267979e-06
-227.3273273, 1.685170157e-06
-226.7267267, 1.595122896e-06
-226.1261261, 1.595122896e-06
-225.5255255, 1.910288307e-06
-224.9249249, 1.94887999e-06
-224.3243243, 1.862048704e-06
-223.7237237, 2.219021771e-06
-223.1231231, 2.186862035e-06
-222.5225225, 2.305853058e-06
-221.9219219, 2.492379525e-06
-221.3213213, 2.64031431e-06
-220.7207207, 2.588858733e-06
-220.1201201, 2.862216487e-06
-219.5195195, 3.039095034e-06
-218.9189189, 3.145222162e-06
-218.3183183, 3.347828498e-06
-217.7177177, 3.453955626e-06
-217.1171171, 3.849520377e-06
-216.5165165, 3.695153645e-06
-215.9159159, 3.965295426e-06
-215.3153153, 4.222573312e-06
-214.7147147, 4.386587965e-06
-214.1141141, 4.888279844e-06
-213.5135135, 4.756424927e-06
-212.9129129, 5.106966047e-06
-212.3123123, 5.544338454e-06
-211.7117117, 5.512178718e-06
-211.1111111, 5.943119178e-06
-210.5105105, 5.946335152e-06
-209.9099099, 6.415867295e-06
-209.3093093, 6.431947163e-06
-208.7087087, 6.956150856e-06
-208.1081081, 7.17483706e-06
-207.5075075, 7.432114946e-06
-206.9069069, 7.599345573e-06
-206.3063063, 7.798735935e-06
-205.7057057, 8.088173557e-06
-205.1051051, 8.470874413e-06
-204.5045045, 8.98864616e-06
-203.9039039, 8.94362253e-06
-203.3033033, 9.438882461e-06
-202.7027027, 9.686512427e-06
-202.1021021, 1.024287586e-05
-201.5015015, 1.054839335e-05
-200.9009009, 1.078959137e-05
-200.3003003, 1.109189288e-05
-199.6996997, 1.169327994e-05
-199.0990991, 1.183478278e-05
-198.4984985, 1.278671096e-05
-197.8978979, 1.308258053e-05
-197.2972973, 1.348457723e-05
-196.6966967, 1.381260653e-05
-196.0960961, 1.439469775e-05
-195.4954955, 1.493176534e-05
-194.8948949, 1.565214342e-05
-194.2942943, 1.527587451e-05
-193.6936937, 1.617634711e-05
-193.0930931, 1.674235846e-05
-192.4924925, 1.725369826e-05
-191.8918919, 1.789689298e-05
-191.2912913, 1.837928902e-05
-190.6906907, 1.945985614e-05
-190.0900901, 1.951131172e-05
-189.4894895, 2.030244122e-05
-188.8888889, 2.108070683e-05
-188.2882883, 2.165315012e-05
-187.6876877, 2.23863921e-05
-187.0870871, 2.30553146e-05
-186.4864865, 2.376926074e-05
-185.8858859, 2.413588173e-05
-185.2852853, 2.498811473e-05
-184.6846847, 2.65735897e-05
-184.0840841, 2.681157175e-05
-183.4834835, 2.74869262e-05
-182.8828829, 2.833272725e-05
-182.2822823, 2.927500751e-05
-181.6816817, 3.040381424e-05
-181.0810811, 3.123353542e-05
-180.4804805, 3.14425737e-05
-179.8798799, 3.286081805e-05
-179.2792793, 3.418579917e-05
-178.6786787, 3.506697593e-05
-178.0780781, 3.591599296e-05
-177.4774775, 3.739855678e-05
-176.8768769, 3.81993342e-05
-176.2762763, 3.917055822e-05
-175.6756757, 4.091683187e-05
-175.0750751, 4.195559134e-05
-174.4744745, 4.306188625e-05
-173.8738739, 4.462163344e-05
-173.2732733, 4.548994631e-05
-172.6726727, 4.672166419e-05
-172.0720721, 4.929122708e-05
-171.4714715, 5.043932965e-05
-170.8708709, 5.096674932e-05
-170.2702703, 5.26358396e-05
-169.6696697, 5.421809861e-05
-169.0690691, 5.650143985e-05
-168.4684685, 5.852750321e-05
-167.8678679, 5.966595785e-05
-167.2672673, 6.201683454e-05
-166.6666667, 6.240918332e-05
-166.0660661, 6.532607136e-05
-165.4654655, 6.611076891e-05
-164.8648649, 6.821079966e-05
-164.2642643, 6.895047358e-05
-163.6636637, 7.115341549e-05
-163.0630631, 7.282893772e-05
-162.4624625, 7.444657243e-05
-161.8618619, 7.650157955e-05
-161.2612613, 7.840221994e-05
-160.6606607, 7.943454746e-05
-160.0600601, 8.316829279e-05
-159.4594595, 8.490491852e-05
-158.8588589, 8.778964682e-05
-158.2582583, 8.919824325e-05
-157.6576577, 9.189322911e-05
-157.0570571, 9.388391676e-05
-156.4564565, 9.620584968e-05
-155.8558559, 9.75790704e-05
-155.2552553, 0.0001013321116
-154.6546547, 0.0001030976811
-154.0540541, 0.0001060917525
-153.4534535, 0.0001073781419
-152.8528529, 0.0001122213981
-152.2522523, 0.0001132794534
-151.6516517, 0.0001177014171
-151.0510511, 0.0001188495197
-150.4504505, 0.0001233550987
-149.8498498, 0.0001251078043
-149.2492492, 0.0001283366417
-148.6486486, 0.0001310412755
-148.048048, 0.0001344566395
-147.4474474, 0.0001386406211
-146.8468468, 0.0001416218286
-146.2462462, 0.000143763667
-145.6456456, 0.0001467513065
-145.045045, 0.0001519418878
-144.4444444, 0.0001543860277
-143.8438438, 0.0001591424527
-143.2432432, 0.0001634229135
-142.6426426, 0.0001677355341
-142.042042, 0.0001703694164
-141.4414414, 0.0001747592204
-140.8408408, 0.0001787277318
-140.2402402, 0.000183564556
-139.6396396, 0.0001882212858
-139.039039, 0.0001913247003
-138.4384384, 0.000195138845
-137.8378378, 0.0001996219121
-137.2372372, 0.0002055135757
-136.6366366, 0.0002082921769
-136.036036, 0.0002124986704
-135.4354354, 0.0002173580064
-134.8348348, 0.000221677059
-134.2342342, 0.0002266071465
-133.6336336, 0.0002310065983
-133.033033, 0.0002369336376
-132.4324324, 0.0002415453437
-131.8318318, 0.0002473308802
-131.2312312, 0.0002516242049
-130.6306306, 0.0002575287324
-130.03003, 0.0002633335648
-129.4294294, 0.0002685691697
-128.8288288, 0.0002745991202
-128.2282282, 0.0002804843519
-127.6276276, 0.0002868616275
-127.027027, 0.000292640732
-126.4264264, 0.0002997641135
-125.8258258, 0.0003038226721
-125.2252252, 0.0003109138939
-124.6246246, 0.0003201051464
-124.024024, 0.0003265435255
-123.4234234, 0.000333422493
-122.8228228, 0.0003385905625
-122.2222222, 0.0003456464086
-121.6216216, 0.0003527472782
-121.021021, 0.0003610444901
-120.4204204, 0.0003669458016
-119.8198198, 0.000378462203
-119.2192192, 0.0003827909034
-118.6186186, 0.0003910334437
-118.018018, 0.0003998966669
-117.4174174, 0.0004079623287
-116.8168168, 0.0004156774493
-116.2162162, 0.0004237688388
-115.6156156, 0.0004347578205
-115.015015, 0.0004427205711
-114.4144144, 0.0004511464219
-113.8138138, 0.0004618395341
-113.2132132, 0.0004731404652
-112.6126126, 0.0004797943146
-112.012012, 0.0004900018147
-111.4114114, 0.00050080427
-110.8108108, 0.0005109120749
-110.2102102, 0.0005194794286
-109.6096096, 0.0005300631976
-109.009009, 0.0005395760475
-108.4084084, 0.0005504460382
-107.8078078, 0.0005629175837
-107.2072072, 0.0005735077847
-106.6066066, 0.0005837506606
-106.006006, 0.0005933439098
-105.4054054, 0.0006060695172
-104.8048048, 0.0006164346001
-104.2042042, 0.0006297969703
-103.6036036, 0.0006449827976
-103.003003, 0.000656733965
-102.4024024, 0.0006659123536
-101.8018018, 0.0006826064725
-101.2012012, 0.0006951262576
-100.6006006, 0.0007036903953
-100, 0.0007166604167
-99.3993994, 0.0007307688928
-98.7987988, 0.0007425875958
-98.1981982, 0.0007568697344
-97.5975976, 0.0007693702237
-96.996997, 0.0007820218638
-96.3963964, 0.0007982239387
-95.7957958, 0.0008094155268
-95.1951952, 0.0008250129986
-94.59459459, 0.0008346834312
-93.99399399, 0.0008531238237
-93.39339339, 0.0008651965885
-92.79279279, 0.000878288817
-92.19219219, 0.0008934682123
-91.59159159, 0.0009096349115
-90.99099099, 0.0009228043233
-90.39039039, 0.0009402670598
-89.78978979, 0.0009550219466
-89.18918919, 0.0009707255456
-88.58858859, 0.0009829494612
-87.98798799, 0.0009997947308
-87.38738739, 0.00101967588
-86.78678679, 0.001033163673
-86.18618619, 0.001049095606
-85.58558559, 0.001065937659
-84.98498498, 0.001083654458
-84.38438438, 0.001097962324
-83.78378378, 0.001119721602
-83.18318318, 0.001135119683
-82.58258258, 0.001152842914
-81.98198198, 0.001174643998
-81.38138138, 0.001186562397
-80.78078078, 0.001206240939
-80.18018018, 0.001223809803
-79.57957958, 0.001239397627
-78.97897898, 0.001261999489
-78.37837838, 0.001280819366
-77.77777778, 0.001300420725
-77.17717718, 0.001319684407
-76.57657658, 0.001336285263
-75.97597598, 0.001361697886
-75.37537538, 0.001381048399
-74.77477477, 0.001397125051
-74.17417417, 0.001426464378
-73.57357357, 0.001439167473
-72.97297297, 0.001462872415
-72.37237237, 0.001483834131
-71.77177177, 0.001500287051
-71.17117117, 0.001522683091
-70.57057057, 0.001541084892
-69.96996997, 0.001558875658
-69.36936937, 0.001586053851
-68.76876877, 0.001601963272
-68.16816817, 0.001622445808
-67.56756757, 0.001644050718
-66.96696697, 0.001657612479
-66.36636637, 0.001682909327
-65.76576577, 0.001706395582
-65.16516517, 0.001724620505
-64.56456456, 0.001746559876
-63.96396396, 0.001765427993
-63.36336336, 0.001787122951
-62.76276276, 0.001811371392
-62.16216216, 0.001837652328
-61.56156156, 0.001856803451
-60.96096096, 0.001884464039
-60.36036036, 0.00190119675
-59.75975976, 0.001926609373
-59.15915916, 0.001947268787
-58.55855856, 0.001975450364
-57.95795796, 0.00199808117
-57.35735736, 0.002022155948
-56.75675676, 0.002040384087
-56.15615616, 0.002067851717
-55.55555556, 0.002085542788
-54.95495495, 0.002107996715
-54.35435435, 0.002134850095
-53.75375375, 0.002160179102
-53.15315315, 0.002178371865
-52.55255255, 0.002198481348
-51.95195195, 0.002226585741
-51.35135135, 0.002250644439
-50.75075075, 0.002276758145
-50.15015015, 0.002297401479
-49.54954955, 0.002323225747
-48.94894895, 0.002346081671
-48.34834835, 0.002370314032
-47.74774775, 0.002389545554
-47.14714715, 0.002417498797
-46.54654655, 0.002438200019
-45.94594595, 0.002462181534
-45.34534535, 0.002482876324
-44.74474474, 0.002510681631
-44.14414414, 0.002531160951
-43.54354354, 0.002554235561
-42.94294294, 0.00257922046
-42.34234234, 0.002607180134
-41.74174174, 0.002626537079
-41.14114114, 0.002646058039
-40.54054054, 0.002670772796
-39.93993994, 0.002690563897
-39.33933934, 0.002712172024
-38.73873874, 0.00272999495
-38.13813814, 0.002756812953
-37.53753754, 0.002782952386
-36.93693694, 0.002801469962
-36.33633634, 0.00282489833
-35.73573574, 0.002853568734
-35.13513514, 0.002881132844
-34.53453453, 0.002901673267
-33.93393393, 0.002918743655
-33.33333333, 0.00294561633
-32.73273273, 0.002970623741
-32.13213213, 0.002993582576
-31.53153153, 0.003019525835
-30.93093093, 0.003047192856
-30.33033033, 0.003062623097
-29.72972973, 0.003084507797
-29.12912913, 0.003117166009
-28.52852853, 0.003129843377
-27.92792793, 0.003159060497
-27.32732733, 0.003180954845
-26.72672673, 0.003197176216
-26.12612613, 0.003226875732
-25.52552553, 0.003249609449
-24.92492492, 0.003266290704
-24.32432432, 0.003289985997
-23.72372372, 0.003307960074
-23.12312312, 0.003328059908
-22.52252252, 0.003338325296
-21.92192192, 0.003361087957
-21.32132132, 0.003383281391
-20.72072072, 0.003398570129
-20.12012012, 0.00341872142
-19.51951952, 0.003445159939
-18.91891892, 0.003456448006
-18.31831832, 0.003479127052
-17.71771772, 0.003499159351
-17.11711712, 0.003519522896
-16.51651652, 0.00352923192
-15.91591592, 0.003544938735
-15.31531532, 0.003553882357
-14.71471471, 0.003580742169
-14.11411411, 0.003593673599
-13.51351351, 0.003612895473
-12.91291291, 0.003630721614
-12.31231231, 0.003647907777
-11.71171171, 0.00365703471
-11.11111111, 0.003667541296
-10.51051051, 0.003692822064
-9.90990991, 0.003699746055
-9.309309309, 0.003727435588
-8.708708709, 0.003745467552
-8.108108108, 0.003757347358
-7.507507508, 0.003768883055
-6.906906907, 0.003788121009
-6.306306306, 0.003803036695
-5.705705706, 0.003823101154
-5.105105105, 0.003828751619
-4.504504505, 0.003841962839
-3.903903904, 0.003857020027
-3.303303303, 0.003869459413
-2.702702703, 0.003888530136
-2.102102102, 0.003899638109
-1.501501502, 0.003909752346
-0.9009009009, 0.003921313771
-0.3003003003, 0.003928771614
0.3003003003, 0.003925439865
0.9009009009, 0.003925931909
1.501501502, 0.003933753157
2.102102102, 0.003930424624
2.702702703, 0.00393316785
3.303303303, 0.003927028556
3.903903904, 0.003937927491
4.504504505, 0.003936740796
5.105105105, 0.003944539532
5.705705706, 0.003945304934
6.306306306, 0.003947495012
6.906906907, 0.003950032415
7.507507508, 0.003955454547
8.108108108, 0.003947189494
8.708708709, 0.003944272606
9.309309309, 0.003943545796
9.90990991, 0.003945568644
10.51051051, 0.003932701533
11.11111111, 0.003929373001
11.71171171, 0.003925552424
12.31231231, 0.003917570378
12.91291291, 0.003922211028
13.51351351, 0.003915023327
14.11411411, 0.003908871169
14.71471471, 0.003907247103
15.31531532, 0.003906253367
15.91591592, 0.003897020307
16.51651652, 0.003899930763
17.11711712, 0.003896004059
17.71771772, 0.003894666214
18.31831832, 0.003881200933
18.91891892, 0.003890417913
19.51951952, 0.003885552145
20.12012012, 0.003881638305
20.72072072, 0.003883780143
21.32132132, 0.003877997823
21.92192192, 0.003867568421
22.52252252, 0.003863580613
23.12312312, 0.003856032723
23.72372372, 0.003843979254
24.32432432, 0.003833192879
24.92492492, 0.003823918011
25.52552553, 0.003818759589
26.12612613, 0.003806239804
26.72672673, 0.003795475941
27.32732733, 0.003786982555
27.92792793, 0.003782981883
28.52852853, 0.003762978528
29.12912913, 0.003748950451
29.72972973, 0.003737276467
30.33033033, 0.003721492469
30.93093093, 0.003706933756
31.53153153, 0.00369723438
32.13213213, 0.003676455974
32.73273273, 0.003659752208
33.33333333, 0.003650747482
33.93393393, 0.003628814542
34.53453453, 0.003613098079
35.13513514, 0.003599475215
35.73573574, 0.003592712022
36.33633634, 0.003578773993
36.93693694, 0.003562179569
37.53753754, 0.003548765743
38.13813814, 0.003535117152
38.73873874, 0.003520185386
39.33933934, 0.003505054231
39.93993994, 0.003490974698
40.54054054, 0.003463468476
41.14114114, 0.003449858476
41.74174174, 0.003441223587
42.34234234, 0.003408867677
42.94294294, 0.003398409331
43.54354354, 0.00337530256
44.14414414, 0.003355681906
44.74474474, 0.003335530615
45.34534535, 0.003321139133
45.94594595, 0.003300524743
46.54654655, 0.003281994303
47.14714715, 0.003259691526
47.74774775, 0.003241907192
48.34834835, 0.003226332232
48.94894895, 0.003199144392
49.54954955, 0.003180903389
50.15015015, 0.003156153257
50.75075075, 0.003131017207
51.35135135, 0.003112480335
51.95195195, 0.003089116287
52.55255255, 0.003067205859
53.15315315, 0.0030427323
53.75375375, 0.003018474212
54.35435435, 0.002998644519
54.95495495, 0.00296948207
55.55555556, 0.002957872406
56.15615616, 0.002931797292
56.75675676, 0.002914331339
57.35735736, 0.002892231169
57.95795796, 0.00286947494
58.55855856, 0.002857019474
59.15915916, 0.002822010386
59.75975976, 0.002807184747
60.36036036, 0.002785422254
60.96096096, 0.002766046013
61.56156156, 0.002745135753
62.16216216, 0.002726151861
62.76276276, 0.002703585374
63.36336336, 0.002678986393
63.96396396, 0.002661497928
64.56456456, 0.002637944138
65.16516517, 0.002610158126
65.76576577, 0.002589077419
66.36636637, 0.002562413782
66.96696697, 0.002542484394
67.56756757, 0.002523751348
68.16816817, 0.002497740553
68.76876877, 0.002475868717
69.36936937, 0.002454131952
69.96996997, 0.002421264702
70.57057057, 0.002404136426
71.17117117, 0.002381840082
71.77177177, 0.002360791534
72.37237237, 0.002333417167
72.97297297, 0.002312397564
73.57357357, 0.002290033684
74.17417417, 0.002270953312
74.77477477, 0.002248422202
75.37537538, 0.002221494855
75.97597598, 0.002202970847
76.57657658, 0.002183636414
77.17717718, 0.002162140846
77.77777778, 0.002133193868
78.37837838, 0.002117380926
78.97897898, 0.002093235396
79.57957958, 0.002073415351
80.18018018, 0.002054470051
80.78078078, 0.002028481768
81.38138138, 0.002008555596
81.98198198, 0.001987301227
82.58258258, 0.001964705796
83.18318318, 0.001946291132
83.78378378, 0.001923010699
84.38438438, 0.001908542034
84.98498498, 0.001885975547
85.58558559, 0.001862672602
86.18618619, 0.001845216298
86.78678679, 0.001830596482
87.38738739, 0.001805347873
87.98798799, 0.001785672547
88.58858859, 0.001762765167
89.18918919, 0.00174804244
89.78978979, 0.001730322426
90.39039039, 0.001706022529
90.99099099, 0.001686450114
91.59159159, 0.001670765811
92.19219219, 0.001651907342
92.79279279, 0.001627829348
93.39339339, 0.001607497963
93.99399399, 0.001588928931
94.59459459, 0.001569150694
95.1951952, 0.001551903427
95.7957958, 0.001532585074
96.3963964, 0.001512102538
96.996997, 0.001492977143
97.5975976, 0.001475244265
98.1981982, 0.001455752249
98.7987988, 0.001438447095
99.3993994, 0.001416317981
100, 0.001403958995
100.6006006, 0.00138333174
101.2012012, 0.001362498663
101.8018018, 0.001344547099
102.4024024, 0.001328714861
103.003003, 0.001310001111
103.6036036, 0.001292538374
104.2042042, 0.001272470699
104.8048048, 0.001257355623
105.4054054, 0.001241005613
106.006006, 0.001222378694
106.6066066, 0.001202333531
107.2072072, 0.001185102345
107.8078078, 0.001170141635
108.4084084, 0.001152788242
109.009009, 0.00113620025
109.6096096, 0.001123696545
110.2102102, 0.001105912211
110.8108108, 0.001087571514
111.4114114, 0.001070321031
112.012012, 0.001054848983
112.6126126, 0.001040248463
113.2132132, 0.001025001532
113.8138138, 0.001008288117
114.4144144, 0.0009918705719
115.015015, 0.0009795373132
115.6156156, 0.0009607142199
116.2162162, 0.00094487555
116.8168168, 0.0009300852875
117.4174174, 0.00091638524
118.018018, 0.0009019519506
118.6186186, 0.0008906220757
119.2192192, 0.000876831981
119.8198198, 0.0008601764538
120.4204204, 0.0008469169947
121.021021, 0.0008365165361
121.6216216, 0.0008198835208
122.2222222, 0.0008105186057
122.8228228, 0.0007957958787
123.4234234, 0.0007855530028
124.024024, 0.0007712965919
124.6246246, 0.000759960285
125.2252252, 0.0007453887087
125.8258258, 0.000733425287
126.4264264, 0.0007226196158
127.027027, 0.0007104117801
127.6276276, 0.0006986670446
128.2282282, 0.0006831660519
128.8288288, 0.0006745536746
129.4294294, 0.000665751555
130.03003, 0.0006522444659
130.6306306, 0.0006389142554
131.2312312, 0.0006313277737
131.8318318, 0.0006216444773
132.4324324, 0.0006112826104
133.033033, 0.0005976115067
133.6336336, 0.0005886067807
134.2342342, 0.0005783349611
134.8348348, 0.0005688188952
135.4354354, 0.0005601486305
136.036036, 0.0005487544361
136.6366366, 0.0005400134199
137.2372372, 0.0005299409906
137.8378378, 0.0005179036015
138.4384384, 0.0005121309289
139.039039, 0.0005020552837
139.6396396, 0.0004936937524
140.2402402, 0.000487287533
140.8408408, 0.0004771475683
141.4414414, 0.0004677472775
142.042042, 0.0004583019631
142.6426426, 0.0004489338321
143.2432432, 0.0004402442715
143.8438438, 0.0004334006797
144.4444444, 0.0004277823738
145.045045, 0.0004199128865
145.6456456, 0.0004122170617
146.2462462, 0.0004026688361
146.8468468, 0.0003964298474
147.4474474, 0.0003855276969
148.048048, 0.0003812343722
148.6486486, 0.0003746319785
149.2492492, 0.0003670004731
149.8498498, 0.0003610798658
150.4504505, 0.0003533615292
151.0510511, 0.0003474698656
151.6516517, 0.0003404558272
152.2522523, 0.0003327535705
152.8528529, 0.0003284152221
153.4534535, 0.0003207805008
154.0540541, 0.000314792358
154.6546547, 0.0003076689765
155.2552553, 0.0003026134661
155.8558559, 0.000297387509
156.4564565, 0.0002899232343
157.0570571, 0.0002857649805
157.6576577, 0.0002794713202
158.2582583, 0.0002747759988
158.8588589, 0.0002684759065
159.4594595, 0.0002641632859
160.0600601, 0.0002585192523
160.6606607, 0.0002516853084
161.2612613, 0.0002464111118
161.8618619, 0.0002428156533
162.4624625, 0.0002372841787
163.0630631, 0.000232868647
163.6636637, 0.0002268451285
164.2642643, 0.0002234169007
164.8648649, 0.0002189016738
165.4654655, 0.0002128138358
166.0660661, 0.0002087810049
166.6666667, 0.000204870381
167.2672673, 0.0002004677132
167.8678679, 0.0001958077675
168.4684685, 0.0001924792348
169.0690691, 0.0001882695254
169.6696697, 0.000184667635
170.2702703, 0.0001829856808
170.8708709, 0.0001771261769
171.4714715, 0.0001741353215
172.0720721, 0.0001687742935
172.6726727, 0.0001663076418
173.2732733, 0.0001635483365
173.8738739, 0.000159103861
174.4744745, 0.0001555855859
175.0750751, 0.0001527426652
175.6756757, 0.0001488352573
176.2762763, 0.0001465294043
176.8768769, 0.0001436125162
177.4774775, 0.0001398048035
178.0780781, 0.0001374121192
178.6786787, 0.0001338166607
179.2792793, 0.0001311184589
179.8798799, 0.0001286871829
180.4804805, 0.0001248633903
181.0810811, 0.0001215895292
181.6816817, 0.0001191389573
182.2822823, 0.0001164439714
182.8828829, 0.0001138486808
183.4834835, 0.0001127841935
184.0840841, 0.0001098673055
184.6846847, 0.0001076482837
185.2852853, 0.0001048728985
185.8858859, 0.0001023258474
186.4864865, 0.0001001582812
187.0870871, 9.701627503e-05
187.6876877, 9.569129391e-05
188.2882883, 9.382924521e-05
188.8888889, 9.11149635e-05
189.4894895, 8.869976734e-05
190.0900901, 8.752593699e-05
190.6906907, 8.563494452e-05
191.2912913, 8.289493503e-05
191.8918919, 8.098143075e-05
192.4924925, 7.929947657e-05
193.0930931, 7.677815328e-05
193.6936937, 7.506725533e-05
194.2942943, 7.379051382e-05
194.8948949, 7.142034129e-05
195.4954955, 6.968693153e-05
196.0960961, 6.743253405e-05
196.6966967, 6.562837287e-05
197.2972973, 6.481151558e-05
197.8978979, 6.371165262e-05
198.4984985, 6.150227877e-05
199.0990991, 5.923501739e-05
199.6996997, 5.723146585e-05
200.3003003, 5.670083021e-05
200.9009009, 5.533082547e-05
201.5015015, 5.464903907e-05
202.1021021, 5.278055842e-05
202.7027027, 5.159386416e-05
203.3033033, 4.986688635e-05
203.9039039, 4.946167368e-05
204.5045045, 4.80466453e-05
205.1051051, 4.721370815e-05
205.7057057, 4.543205878e-05
206.3063063, 4.43707875e-05
206.9069069, 4.27885285e-05
207.5075075, 4.316801338e-05
208.1081081, 4.133169247e-05
208.7087087, 4.040870805e-05
209.3093093, 3.954361116e-05
209.9099099, 3.787130489e-05
210.5105105, 3.79066806e-05
211.1111111, 3.657848351e-05
211.7117117, 3.588704919e-05
212.3123123, 3.489009738e-05
212.9129129, 3.417936722e-05
213.5135135, 3.357476419e-05
214.1141141, 3.259710822e-05
214.7147147, 3.176738704e-05
215.3153153, 3.08218908e-05
215.9159159, 3.047456566e-05
216.5165165, 2.868648434e-05
217.1171171, 2.881190731e-05
217.7177177, 2.847423009e-05
218.3183183, 2.70977934e-05
218.9189189, 2.609762561e-05
219.5195195, 2.596898667e-05
220.1201201, 2.537724753e-05
220.7207207, 2.426452067e-05
221.3213213, 2.413266575e-05
221.9219219, 2.269834154e-05
222.5225225, 2.307139447e-05
223.1231231, 2.262115817e-05
223.7237237, 2.16435022e-05
224.3243243, 2.10356832e-05
224.9249249, 2.025420161e-05
225.5255255, 1.994225218e-05
226.1261261, 1.952739159e-05
226.7267267, 1.900318789e-05
227.3273273, 1.829245773e-05
227.9279279, 1.820562644e-05
228.5285285, 1.77360943e-05
229.1291291, 1.70671718e-05
229.7297297, 1.6555832e-05
230.3303303, 1.660728757e-05
230.9309309, 1.553636837e-05
231.5315315, 1.527587451e-05
232.1321321, 1.505075636e-05
232.7327327, 1.448152904e-05
233.3333333, 1.419209141e-05
233.9339339, 1.332377855e-05
234.5345345, 1.343312165e-05
235.1351351, 1.307293261e-05
235.7357357, 1.265485604e-05
236.3363363, 1.214994819e-05
236.9369369, 1.196342172e-05
237.5375375, 1.134917077e-05
238.1381381, 1.124304364e-05
238.7387387, 1.107259704e-05
239.3393393, 1.045191414e-05
239.9399399, 1.063522463e-05
240.5405405, 1.030076338e-05
241.1411411, 9.90519863e-06
241.7417417, 9.609329061e-06
242.3423423, 9.310243518e-06
242.9429429, 9.400290778e-06
243.5435435, 8.901814873e-06
244.1441441, 8.429066756e-06
244.7447447, 8.310075734e-06
245.3453453, 8.152493029e-06
245.9459459, 7.834111644e-06
246.5465465, 7.818031776e-06
247.1471471, 7.486786497e-06
247.7477477, 7.210212769e-06
248.3483483, 6.991526566e-06
248.9489489, 7.023686301e-06
249.5495495, 6.814648019e-06
250.1501502, 6.695656996e-06
250.7507508, 6.338683929e-06
251.3513514, 6.00743865e-06
251.951952, 6.348331849e-06
252.5525526, 5.933471257e-06
253.1531532, 5.721217001e-06
253.7537538, 5.534690533e-06
254.3543544, 5.174501492e-06
254.954955, 5.277412647e-06
255.5555556, 5.013702813e-06
256.1561562, 4.897927764e-06
256.7567568, 4.955815289e-06
257.3573574, 4.846472187e-06
257.957958, 4.569898459e-06
258.5585586, 4.711401297e-06
259.1591592, 4.425179648e-06
259.7597598, 4.254733048e-06
260.3603604, 4.161469814e-06
260.960961, 3.84308843e-06
261.5615616, 3.85273635e-06
262.1621622, 3.917055822e-06
262.7627628, 3.666209883e-06
263.3633634, 3.727313381e-06
263.963964, 3.521491071e-06
264.5645646, 3.318884736e-06
265.1651652, 3.318884736e-06
265.7657658, 3.450739653e-06
266.3663664, 3.209541634e-06
266.966967, 3.193461766e-06
267.5675676, 3.190245793e-06
268.1681682, 2.904024144e-06
268.7687688, 2.920104012e-06
269.3693694, 2.662826125e-06
269.96997, 2.614586522e-06
270.5705706, 2.666042099e-06
271.1711712, 2.678905993e-06
271.7717718, 2.563130944e-06
272.3723724, 2.453787843e-06
272.972973, 2.305853058e-06
273.5735736, 2.292989163e-06
274.1741742, 2.309069031e-06
274.7747748, 2.257613454e-06
275.3753754, 2.186862035e-06
275.975976, 2.251181507e-06
276.5765766, 2.045359198e-06
277.1771772, 1.93923207e-06
277.7777778, 1.926368175e-06
278.3783784, 1.752705602e-06
278.978979, 1.820241047e-06
279.5795796, 1.90385636e-06
280.1801802, 1.698034051e-06
280.7807808, 1.701250024e-06
281.3813814, 1.498643689e-06
281.981982, 1.726977813e-06
282.5825826, 1.524371478e-06
283.1831832, 1.498643689e-06
283.7837838, 1.460052006e-06
284.3843844, 1.411812402e-06
284.984985, 1.440756164e-06
285.5855856, 1.495427715e-06
286.1861862, 1.434324217e-06
286.7867868, 1.205990093e-06
287.3873874, 1.251013723e-06
287.987988, 1.299253327e-06
288.5885886, 1.115942833e-06
289.1891892, 1.138454648e-06
289.7897898, 1.006599731e-06
290.3903904, 9.969518102e-07
290.990991, 1.061271282e-06
291.5915916, 1.029111546e-06
292.1921922, 9.712240215e-07
292.7927928, 8.972566292e-07
293.3933934, 9.262003914e-07
293.993994, 9.647920744e-07
294.5945946, 9.358483121e-07
295.1951952, 9.197684442e-07
295.7957958, 8.072093689e-07
296.3963964, 8.52232999e-07
296.996997, 7.91129501e-07
297.5975976, 7.364579501e-07
298.1981982, 5.949551125e-07
298.7987988, 6.785704256e-07
299.3993994, 7.557537916e-07
300, 3.143935773e-05
